-2 2
-26 9
-48 12
-64 1
-74 4
-95 -30
-83 -49
-67 -45
-89 -62
-80 -66
-81 -68
-85 -75
-75 -72
-75 -83
-81 -90
-89 -88
-89 -94
-59 -84
-49 -86
-44 -64
-41 -63
-36 -50
-40 -22
-38 -18
-29 -18
-20 -19
-25 39
-45 68
-49 77
-61 76
-68 98
-84 87
-90 86
-93 88
-95 74
-93 70
-38 91
-11 94
4 83
7 80
10 77
9 55
10 53
8 39
11 20
33 20
52 23
52 28
39 40
17 48
18 53
-6 52
31 67
40 84
58 76
54 98
74 78
82 99
74 59
66 60
68 43
95 22
95 -1
70 8
62 9
59 -2
54 -1
59 -20
39 -17
25 -18
27 -39
4 -45
-7 -38
-26 -57
-10 -76
1 -93
9 -88
21 -92
30 -89
39 -86
37 -69
33 -72
32 -61
28 -57
48 -54
49 -93
45 -98
55 -92
56 -92
64 -99
77 -96
82 -92
79 -80
100 -89
99 -77
91 -49
68 -48
72 -39
73 -30
11 -12
