-2 -5
-4 -10
-7 -14
-13 -16
-15 -16
-13 -6
-20 -6
-20 -3
-16 2
-23 -1
-37 7
-30 11
-27 15
-24 14
-24 28
-34 31
-40 24
-38 39
-39 46
-34 51
-34 59
-42 46
-47 46
-50 44
-54 40
-56 38
-59 38
-58 28
-67 28
-50 31
-64 41
-69 47
-76 50
-81 48
-82 38
-83 31
-78 27
-74 34
-77 51
-74 62
-68 63
-63 67
-58 76
-56 74
-53 62
-44 69
-41 68
-41 75
-29 78
-29 83
-32 90
-34 96
-39 95
-44 97
-51 97
-72 89
-75 86
-70 82
-72 79
-77 77
-77 76
-81 83
-82 87
-87 95
-94 96
-94 82
-93 81
-97 78
-99 76
-95 75
-94 70
-86 68
-87 66
-91 59
-91 51
-89 53
-90 43
-90 32
-88 31
-86 26
-91 24
-94 28
-93 18
-84 18
-88 4
-94 3
-98 3
-96 -4
-95 -9
-81 -5
-78 -13
-64 -13
-66 -6
-61 -4
-59 -2
-66 3
-70 2
-67 8
-59 8
-57 13
-54 5
-48 -10
-50 -16
-51 -28
-66 -27
-68 -30
-68 -33
-69 -26
-73 -26
-83 -16
-92 -22
-100 -25
-100 -28
-92 -33
-92 -34
-94 -42
-97 -46
-92 -50
-86 -48
-81 -50
-83 -40
-96 -55
-97 -59
-94 -66
-92 -67
-92 -71
-99 -74
-99 -80
-96 -80
-92 -84
-92 -85
-84 -67
-86 -60
-76 -67
-77 -63
-66 -60
-67 -65
-64 -71
-62 -71
-71 -71
-69 -76
-69 -77
-73 -71
-73 -72
-80 -75
-81 -77
-82 -79
-82 -81
-82 -82
-85 -80
-85 -89
-83 -92
-78 -96
-72 -94
-75 -87
-67 -96
-64 -93
-56 -92
-56 -81
-49 -84
-45 -82
-37 -83
-38 -88
-37 -95
-33 -96
-44 -93
-34 -88
-27 -90
-20 -95
-22 -100
-27 -83
-18 -84
-4 -92
-2 -98
8 -98
8 -88
14 -84
22 -86
21 -90
17 -96
33 -97
38 -89
39 -85
41 -83
47 -82
51 -82
55 -84
61 -78
62 -68
63 -62
67 -61
73 -59
75 -61
82 -63
81 -66
81 -74
75 -74
73 -75
71 -80
78 -83
82 -83
82 -92
85 -90
86 -90
92 -91
97 -97
87 -99
86 -80
96 -81
100 -79
94 -71
93 -66
98 -61
99 -54
97 -46
95 -44
93 -35
93 -33
92 -29
88 -27
93 -22
98 -32
88 -47
77 -49
79 -41
87 -54
79 -67
63 -57
55 -53
55 -51
53 -44
64 -43
44 -45
37 -49
38 -56
40 -58
42 -57
43 -56
47 -60
32 -59
32 -67
27 -70
28 -72
30 -75
43 -71
47 -74
57 -96
47 -94
45 -94
28 -88
27 -86
13 -81
1 -78
1 -65
-1 -63
-4 -66
5 -63
10 -65
13 -60
12 -54
3 -54
1 -48
-3 -54
-10 -52
-12 -55
-13 -57
-17 -54
-25 -59
-25 -64
-28 -57
-31 -56
-38 -60
-37 -73
-31 -75
-35 -72
-35 -71
-44 -63
-47 -58
-52 -59
-51 -54
-43 -47
-48 -42
-52 -41
-57 -43
-47 -32
-42 -33
-36 -30
-35 -20
-34 -18
-29 -12
-30 -23
-20 -22
-20 -26
-18 -31
-21 -40
-26 -42
-29 -44
-15 -41
-6 -42
-13 -50
-13 -31
-7 -28
-3 -29
-6 -23
-2 -20
6 -19
9 -20
13 -27
10 -18
13 -16
14 -8
15 -8
19 -6
21 -13
20 -20
24 -12
36 -20
32 -20
33 -23
35 -30
31 -31
30 -31
25 -32
23 -39
18 -37
22 -44
15 -46
23 -55
34 -40
34 -36
47 -32
53 -26
59 -23
59 -20
56 -19
63 -28
64 -29
67 -32
75 -30
76 -23
64 -19
60 -12
58 -7
69 -7
70 -10
78 -7
92 -4
94 -5
93 1
98 2
81 13
69 17
58 17
58 20
50 24
53 30
52 38
58 38
61 41
61 46
57 51
53 49
49 51
43 52
44 56
44 58
47 46
57 65
64 60
73 54
81 50
81 61
81 73
81 76
79 88
75 86
84 94
77 98
94 91
99 93
97 80
94 68
87 73
85 76
91 59
93 56
99 58
99 59
90 54
92 52
95 52
91 35
84 38
69 40
64 38
65 37
58 36
44 39
37 38
36 40
36 33
38 23
30 36
28 38
27 40
25 45
24 54
23 61
29 67
25 72
21 72
19 74
21 86
23 87
30 81
35 81
38 82
41 80
47 83
53 79
58 85
64 75
45 96
52 100
34 97
34 71
28 58
26 56
20 34
20 32
12 36
8 43
3 44
4 51
9 50
9 55
9 58
10 62
10 70
4 71
-2 70
-9 65
-12 61
-22 62
-21 68
-14 72
-17 82
-22 86
-28 83
-11 97
-4 96
3 68
11 57
6 56
0 58
-4 60
-14 55
-10 53
-10 50
-8 45
-13 48
-12 37
-19 34
-18 24
-19 42
-9 31
-7 29
-8 26
2 24
10 25
10 26
14 17
14 11
13 4
29 -6
28 -3
34 -7
39 -6
39 0
49 0
48 -11
47 -11
56 4
44 8
44 10
37 10
33 15
27 17
23 13
22 9
25 8
8 14
7 8
4 6
-2 8
-8 6
-9 6
