0 2
109 25
108 27
107 29
102 36
85 60
71 83
66 93
65 94
63 97
59 105
54 114
53 116
52 119
48 126
47 128
45 132
42 138
36 152
34 156
33 158
31 163
30 164
23 183
9 224
7 229
6 232
2 247
111 246
104 271
100 284
97 298
96 301
88 353
86 367
84 415
188 418
189 429
200 512
213 555
214 558
236 607
247 626
250 631
252 634
257 642
260 647
266 655
271 661
276 668
285 679
287 681
308 703
309 704
316 710
323 717
325 719
326 720
330 722
331 724
334 725
336 727
342 732
351 739
359 744
370 751
375 754
383 759
387 761
404 770
411 773
433 782
436 783
446 786
465 792
469 793
476 794
478 795
487 796
491 797
494 798
501 799
532 802
571 801
585 800
636 790
670 778
671 777
673 776
691 768
693 766
711 756
713 755
723 748
737 737
754 723
755 721
760 716
763 713
769 707
786 686
789 682
792 678
799 666
809 648
811 643
820 620
822 617
823 614
824 609
827 599
829 590
832 565
833 559
830 507
825 484
819 468
817 463
804 437
802 434
801 433
800 431
797 427
796 425
794 423
793 422
785 412
778 404
776 403
774 401
773 400
771 398
770 397
767 395
765 393
762 391
759 389
753 384
752 383
748 381
738 375
736 374
725 369
717 366
703 362
694 361
666 359
660 360
637 365
621 371
608 379
605 382
594 392
584 406
583 409
582 411
576 442
592 473
593 474
600 478
609 480
613 483
614 475
615 470
617 466
620 460
625 455
627 453
633 449
650 443
672 445
676 446
679 447
686 450
688 451
695 456
697 457
698 458
700 459
702 461
708 467
712 472
719 481
722 487
726 494
728 501
731 508
734 525
735 551
732 568
730 577
727 587
721 600
720 603
718 606
716 610
714 613
710 621
705 627
704 628
684 650
682 652
681 653
678 656
674 658
668 663
665 665
656 671
631 684
616 690
601 694
588 697
561 700
525 699
520 698
505 696
502 695
490 692
471 687
467 685
461 683
449 677
444 675
443 674
440 673
429 667
424 664
422 662
418 660
417 659
403 649
393 641
391 639
386 635
384 633
379 629
373 622
368 618
366 615
358 605
350 595
345 588
328 561
322 550
320 546
319 542
318 541
315 534
311 524
310 521
301 493
300 488
295 464
293 441
292 421
294 373
296 363
298 352
299 345
302 335
303 328
305 322
307 316
312 302
317 289
340 242
341 240
346 231
352 222
360 212
364 206
376 192
406 160
425 143
430 140
445 129
447 127
455 122
470 112
472 111
474 110
486 103
500 96
514 90
524 85
538 80
547 77
554 75
555 74
558 73
565 71
573 69
586 66
595 64
602 63
607 62
689 55
701 56
715 57
749 61
780 67
790 70
812 76
821 79
839 86
852 91
855 92
862 95
870 99
871 100
873 101
876 102
885 107
889 109
896 113
901 115
909 120
917 6
918 7
920 8
923 9
925 10
927 11
934 15
936 16
942 19
948 23
961 30
963 31
967 34
969 35
976 39
980 42
982 43
994 51
910 121
931 134
937 139
944 144
947 146
957 153
958 155
978 171
981 174
989 182
995 187
999 368
990 351
987 346
984 341
983 339
977 330
962 307
959 304
950 291
946 287
939 279
924 263
916 255
912 251
904 244
892 234
884 228
872 220
866 216
853 208
844 202
842 201
835 197
831 196
826 193
805 184
798 181
791 178
784 176
782 175
758 168
746 166
744 165
667 159
638 161
598 169
574 177
567 179
566 180
551 186
546 188
541 191
533 195
526 199
518 203
512 207
510 209
503 214
498 217
497 218
482 230
475 237
460 252
458 254
456 256
453 259
452 260
420 308
416 317
413 323
412 327
409 334
408 336
402 354
398 372
397 377
394 426
395 439
396 444
399 465
400 469
401 471
405 485
407 491
410 497
414 506
421 519
423 523
426 528
427 529
428 530
431 536
432 537
434 539
435 540
439 545
441 548
442 549
454 562
457 564
463 569
464 570
466 571
468 573
473 576
477 579
479 580
484 583
485 584
488 585
489 586
517 597
523 598
536 601
544 602
591 596
596 594
599 593
603 591
619 581
624 578
629 574
630 572
635 567
640 560
641 557
642 556
643 554
646 547
647 544
648 543
651 526
649 511
645 500
644 499
632 486
623 482
612 490
611 492
610 495
590 514
579 517
577 518
557 516
552 515
545 513
540 510
537 509
531 505
530 504
528 502
522 498
521 496
507 477
506 476
499 462
496 454
495 448
493 436
492 414
504 364
508 357
509 355
511 350
513 347
516 343
519 338
534 320
535 319
539 315
542 312
543 311
549 306
550 305
562 296
564 294
568 292
578 286
580 285
587 281
589 280
604 274
606 273
618 269
634 265
639 264
654 262
669 261
724 266
729 267
733 268
743 270
757 275
761 276
764 277
766 278
775 282
777 283
787 288
803 297
807 300
813 303
828 314
836 321
840 325
841 326
845 329
847 331
848 332
849 333
856 340
857 342
859 344
863 348
864 349
880 370
886 378
890 385
898 399
902 407
903 408
905 413
908 417
914 432
921 452
930 489
932 503
935 553
933 582
929 608
928 616
926 623
922 637
911 670
907 680
897 701
895 706
894 708
891 712
888 718
881 728
875 738
869 746
865 752
861 758
858 762
851 769
850 771
837 785
818 803
816 805
806 814
795 823
783 831
779 835
751 852
747 854
745 856
740 858
739 859
707 874
696 878
685 882
687 991
653 999
690 990
706 985
750 969
756 966
768 961
772 959
781 954
788 951
808 939
810 938
814 936
815 935
846 915
854 908
877 890
879 888
887 881
893 876
900 869
906 863
913 855
919 849
938 827
940 825
941 824
945 818
953 808
954 806
956 804
964 791
966 788
972 779
975 774
988 750
991 745
993 740
998 918
996 919
992 923
986 930
985 931
979 937
971 945
970 946
968 948
965 950
960 955
951 964
943 970
915 993
683 883
677 885
664 889
628 898
622 899
597 903
581 904
553 906
527 905
483 901
450 895
448 894
438 892
419 886
392 877
388 875
381 873
382 983
377 982
371 980
369 979
361 977
355 974
353 973
347 971
333 965
321 960
314 957
289 944
288 943
286 942
282 940
272 934
263 929
261 928
256 925
255 924
249 920
245 917
230 907
222 902
220 900
210 893
208 891
194 879
185 872
183 871
178 998
174 996
171 994
158 984
150 978
147 976
145 975
142 972
137 968
136 967
131 963
125 958
122 956
114 949
105 941
91 927
89 926
8 992
4 989
3 988
10 995
12 997
79 916
77 913
75 912
74 910
72 909
61 897
60 896
50 884
46 880
35 867
27 857
18 845
17 844
14 839
13 838
11 836
1 822
5 589
15 619
16 624
19 630
22 638
24 644
25 646
28 654
29 657
38 676
43 688
55 711
57 714
58 715
64 726
67 731
68 734
69 735
70 736
78 749
81 753
87 763
90 767
94 772
101 781
103 784
121 807
127 813
132 820
139 828
141 829
148 837
152 842
159 848
161 850
180 868
374 870
363 865
362 864
357 862
356 861
354 860
339 853
337 851
329 847
327 846
306 833
281 816
280 815
275 812
274 811
273 810
248 789
234 775
223 765
219 760
216 757
207 747
203 742
202 741
195 733
192 729
177 709
172 702
166 693
165 691
164 689
153 672
151 669
138 645
134 636
123 611
120 604
116 592
110 575
106 563
98 535
95 522
190 380
198 324
199 318
201 309
204 299
205 295
206 290
212 272
217 258
218 257
221 250
225 239
226 238
227 236
228 233
231 226
237 215
238 213
242 204
251 189
262 172
265 167
268 162
277 150
278 148
279 147
283 142
284 141
291 131
297 124
304 117
332 87
338 82
343 78
349 72
365 59
367 58
372 53
378 49
380 47
390 40
415 24
437 12
451 5
459 1
462 0
270 3
269 4
259 13
258 14
254 18
246 26
244 28
240 32
239 33
235 38
232 41
229 44
224 50
211 65
209 68
196 84
193 89
186 98
181 106
179 108
173 118
169 123
168 125
163 133
162 135
156 145
154 149
149 157
143 170
135 185
133 190
130 198
129 200
124 210
119 223
118 227
115 235
112 22
113 21
