1 2
3 7
7 12
13 18
14 25
17 31
19 33
24 36
30 39
35 44
41 49
45 56
53 57
59 58
63 57
70 58
73 61
78 62
79 64
80 66
84 65
87 67
87 72
90 71
94 72
94 73
96 85
103 95
110 104
112 112
115 121
115 130
118 137
122 143
125 147
127 151
129 153
130 157
133 156
135 158
136 159
137 154
136 153
138 153
137 155
137 156
131 159
132 160
134 162
137 165
136 168
134 172
136 175
141 175
142 175
144 172
146 167
148 162
148 153
145 147
146 141
142 136
141 132
140 125
138 119
137 113
136 106
136 98
133 91
130 84
127 77
121 74
118 71
114 69
107 67
104 66
102 68
96 69
81 61
74 52
69 38
63 29
57 18
52 5
43 -11
35 -21
24 -35
16 -46
7 -60
-2 -74
-12 -88
-21 -101
-32 -115
-45 -127
-53 -137
-61 -147
-66 -152
-75 -156
-84 -159
