118 29
120 32
124 48
132 55
136 55
139 65
140 68
138 73
148 75
148 79
146 95
154 95
158 94
154 92
160 73
165 83
180 87
181 91
177 93
178 104
165 107
158 120
168 137
181 145
180 162
189 167
194 164
186 186
205 213
204 208
217 208
224 205
234 210
234 218
249 208
267 211
261 229
253 238
265 243
264 245
266 250
279 256
277 274
274 282
272 294
270 294
253 300
249 315
251 327
255 332
291 359
294 374
301 374
300 377
311 386
324 384
313 428
317 431
319 421
306 418
296 422
293 432
283 432
283 436
277 454
284 436
303 445
303 456
303 466
296 468
296 477
293 486
300 490
304 496
301 524
300 524
302 525
301 532
296 538
287 538
282 529
274 540
275 548
290 557
279 564
260 564
257 563
247 559
232 555
233 568
201 569
187 575
186 583
185 575
181 550
190 545
191 534
180 534
205 531
236 538
236 544
225 582
225 580
243 579
248 573
256 571
262 555
256 546
268 545
265 541
260 529
263 523
256 527
254 528
249 531
257 513
256 503
273 498
311 491
321 498
315 506
317 485
291 467
320 453
325 462
333 461
344 436
340 438
329 425
324 408
329 405
343 411
351 408
353 394
363 385
362 382
361 368
361 365
366 366
370 371
373 358
359 352
359 341
368 339
361 330
357 319
371 310
370 297
371 294
370 290
370 272
366 274
355 275
349 289
346 288
342 293
348 294
357 266
357 264
352 254
348 252
353 243
382 226
381 239
391 244
401 244
401 236
387 224
375 217
375 198
378 172
392 159
390 148
399 144
402 141
406 132
413 132
416 140
424 140
431 163
450 164
455 141
466 120
466 118
462 107
457 95
463 78
462 61
468 59
479 60
477 64
473 52
471 40
480 38
483 37
462 43
461 60
454 51
437 45
438 64
437 73
467 79
478 85
440 107
433 102
414 100
431 119
423 119
420 119
408 120
408 124
396 131
395 160
400 187
413 186
415 181
417 191
408 193
417 221
421 219
431 215
414 248
416 255
409 245
398 256
399 261
388 258
377 254
375 261
383 277
389 281
400 290
395 301
383 327
347 327
342 334
329 335
341 346
339 354
346 357
344 363
326 351
320 352
306 351
308 349
285 362
271 368
272 378
283 342
294 330
293 309
299 303
313 312
276 304
277 316
272 317
269 279
268 271
267 242
239 244
237 253
243 261
215 247
213 225
222 215
217 197
221 194
216 185
224 180
225 175
213 167
235 173
245 180
251 181
257 192
235 163
226 159
233 149
229 143
234 140
211 141
208 142
204 155
202 137
201 126
189 128
190 135
182 127
182 111
187 100
207 104
213 106
204 85
191 51
178 54
177 36
182 38
164 27
141 26
