38 4
28 16
26 18
24 20
19 26
18 29
16 31
14 33
12 36
3 50
121 65
118 69
116 71
113 74
112 75
109 79
108 80
106 82
103 86
101 89
100 90
95 97
91 103
87 109
81 119
80 120
79 123
78 124
77 126
74 133
73 134
69 144
66 149
65 154
61 164
60 169
58 176
57 177
54 191
53 198
50 229
51 261
52 270
56 289
63 310
68 322
71 327
83 349
85 352
88 355
90 359
93 362
94 363
97 367
98 368
105 375
107 377
117 386
123 391
125 393
128 394
129 395
132 397
133 398
143 404
145 405
159 411
161 412
165 414
169 415
172 416
183 418
191 420
207 421
233 419
243 417
268 406
275 401
276 400
292 384
293 383
294 381
295 380
297 376
300 372
302 366
303 364
304 361
307 346
305 330
299 316
298 315
289 306
288 305
286 304
281 302
279 301
277 278
278 277
287 269
306 262
328 264
330 265
334 266
337 267
349 273
362 284
365 287
368 291
373 298
377 303
382 313
385 321
391 354
388 389
387 392
383 407
381 410
374 426
369 435
367 437
366 438
359 448
358 450
354 455
351 458
350 459
345 465
341 468
339 470
338 471
333 475
329 479
326 480
321 485
318 486
317 487
315 488
314 489
311 491
296 499
291 501
274 508
257 513
206 519
177 518
171 517
167 516
162 515
146 511
136 509
131 507
124 504
120 503
119 502
104 496
102 495
99 493
82 484
49 460
46 457
39 452
36 449
30 442
29 441
27 439
17 428
13 423
1 553
7 558
15 563
23 568
25 569
35 575
43 580
59 588
76 595
89 601
111 608
130 613
135 614
139 615
181 620
195 621
282 612
285 611
325 597
327 596
335 592
346 587
352 584
355 582
357 581
360 579
370 573
378 567
390 559
402 548
413 538
414 537
418 534
421 531
428 523
429 521
430 520
441 506
452 490
458 481
462 472
465 466
474 446
481 424
486 402
488 390
489 356
487 335
473 282
469 272
461 258
454 247
447 239
446 237
442 233
438 228
435 225
432 222
424 215
420 211
394 194
386 190
380 188
371 184
348 179
340 178
308 180
290 185
284 187
259 202
258 203
255 206
254 207
252 209
242 221
234 242
232 253
235 274
236 275
238 280
241 285
248 292
250 294
262 299
272 300
270 296
269 307
266 314
264 318
263 319
253 329
249 331
245 333
244 334
237 336
224 337
202 332
186 323
179 317
174 312
157 286
156 283
154 279
153 276
151 268
149 256
148 236
152 205
155 195
164 175
173 160
175 157
184 145
188 141
192 137
193 136
198 130
205 125
209 121
216 116
222 112
228 108
230 107
239 102
246 99
247 98
265 91
310 81
372 83
379 84
384 85
407 92
410 93
417 95
419 96
427 100
436 104
439 105
450 111
455 114
456 115
490 139
492 140
498 146
502 150
506 153
509 156
515 163
519 167
520 168
522 170
524 173
538 192
539 193
543 199
548 208
550 210
553 216
554 217
556 220
564 238
566 243
567 244
568 246
583 295
584 297
586 309
587 311
589 328
590 339
591 344
588 409
585 427
581 445
580 451
579 453
577 461
576 464
575 469
572 477
570 483
551 525
549 527
547 532
542 540
540 543
535 551
533 554
532 556
526 565
521 571
517 576
503 593
479 617
477 619
470 626
467 628
459 636
440 650
437 652
422 662
415 666
411 669
408 671
406 672
404 673
395 678
375 688
363 693
361 694
344 700
332 705
324 707
316 709
313 710
301 713
280 718
267 720
260 721
251 722
231 724
168 723
134 719
114 715
55 699
48 696
34 690
32 689
22 685
20 684
9 679
2 676
0 674
115 821
86 816
67 811
62 810
45 805
42 804
37 802
31 800
10 793
6 902
8 903
21 907
41 912
44 913
64 918
84 922
110 926
147 931
170 932
204 933
261 930
271 929
283 928
312 923
331 920
347 916
392 904
401 901
405 900
416 896
425 892
433 889
444 885
445 884
449 883
464 876
471 872
485 866
493 861
496 860
499 858
504 855
510 852
511 851
516 848
518 847
523 844
530 840
537 835
544 831
555 824
560 820
562 818
582 803
595 792
605 784
610 780
613 777
614 776
617 774
627 764
630 762
638 753
641 750
644 746
646 745
661 728
662 727
671 716
687 697
690 692
697 682
698 681
699 680
700 677
707 667
710 663
713 659
716 653
718 651
719 649
722 644
725 638
728 633
729 631
733 625
734 623
740 610
742 606
744 603
746 599
748 594
758 570
762 560
764 557
766 550
767 547
768 544
769 542
771 536
778 514
779 510
780 505
783 494
789 467
795 430
796 422
799 360
798 351
797 325
794 293
786 251
784 241
781 231
775 212
773 204
770 196
757 162
756 159
750 147
749 143
741 128
735 117
731 110
717 87
711 77
703 67
696 58
691 51
689 49
684 43
682 40
667 23
663 19
650 5
648 3
788 7
791 10
793 14
814 45
816 48
819 54
820 55
822 60
826 66
829 72
841 94
844 101
854 122
856 127
857 132
859 135
860 138
862 142
865 152
866 155
875 182
881 201
885 218
992 214
994 226
995 232
997 240
1000 263
982 174
981 172
979 165
974 148
952 88
948 78
945 70
942 64
939 59
938 56
937 53
931 42
924 27
918 17
910 2
891 245
892 248
898 288
902 326
903 365
899 440
893 478
999 476
998 482
991 522
990 528
989 529
987 539
985 549
983 555
980 566
977 577
973 589
971 598
970 600
962 622
959 630
958 634
957 635
955 642
950 655
949 656
947 660
930 698
922 714
920 717
915 726
913 731
912 733
909 737
908 740
907 741
905 744
904 747
901 751
900 754
896 760
894 763
888 773
887 775
882 782
879 786
878 787
876 790
863 809
843 836
837 843
827 856
825 857
821 863
817 867
815 870
812 873
810 875
806 880
805 881
792 894
777 910
759 927
752 934
745 939
743 941
737 947
732 951
730 953
727 955
726 956
724 958
723 959
715 965
708 970
704 973
702 975
701 976
685 988
677 993
675 994
672 997
669 999
836 998
839 996
848 987
855 980
858 977
868 966
870 964
871 963
873 962
993 983
988 990
874 960
877 957
883 950
884 949
890 943
895 937
897 935
911 919
917 911
919 909
926 899
928 898
929 895
932 891
934 890
935 888
936 887
941 879
946 874
953 864
954 862
956 859
961 853
963 849
965 846
966 845
967 842
968 841
969 839
976 830
984 817
986 813
996 795
889 498
886 512
880 535
872 562
869 572
867 578
864 586
852 618
849 624
847 629
846 632
842 640
840 645
838 648
835 654
834 657
833 658
832 661
830 664
828 668
818 686
813 695
809 701
808 703
807 704
803 711
790 732
787 735
785 739
782 743
774 755
772 757
763 769
761 771
760 772
755 778
753 781
751 783
747 788
739 797
738 798
736 801
720 819
714 825
712 827
706 833
705 834
683 854
665 871
657 877
656 878
645 886
636 893
631 897
619 906
607 914
606 915
604 917
597 921
592 924
571 938
563 942
545 952
527 961
512 969
500 974
491 978
484 981
478 984
472 986
466 989
434 1000
203 829
182 828
127 823
122 822
256 826
320 815
336 812
353 807
356 806
376 799
389 794
398 791
403 789
412 785
426 779
443 770
448 767
451 766
453 765
460 761
463 759
468 756
475 752
480 749
495 738
497 736
508 729
513 725
529 712
534 708
536 706
541 702
552 691
557 687
561 683
569 675
573 670
578 665
593 647
594 646
596 643
598 641
600 639
601 637
609 627
616 616
621 609
623 605
624 604
625 602
632 591
633 590
635 585
637 583
642 574
647 564
649 561
653 552
655 546
658 541
664 526
674 497
676 492
681 473
686 454
692 413
694 385
695 378
693 324
688 290
680 254
679 252
678 250
673 234
670 223
668 219
666 213
660 200
659 197
654 186
652 183
651 181
643 166
640 161
639 158
634 151
622 131
620 129
612 118
608 113
602 106
574 76
565 68
559 63
558 62
546 52
531 41
528 38
525 37
514 30
507 25
505 24
501 22
483 13
482 12
476 9
457 1
220 0
200 8
194 11
187 15
176 21
166 28
160 32
158 34
150 39
144 44
142 46
141 47
126 61
