51
0 0
-2 -2
-2 -1
1 -5
1 -4
2 -8
4 -11
6 -20
6 -17
11 -25
12 -29
18 -34
21 -38
29 -44
35 -48
41 -53
48 -57
55 -60
59 -63
63 -65
70 -68
74 -68
79 -69
85 -70
87 -73
90 -74
94 -78
96 -80
97 -84
100 -88
103 -94
105 -96
107 -102
109 -105
112 -111
114 -113
116 -117
118 -121
122 -125
126 -128
129 -133
133 -136
137 -140
141 -144
143 -147
149 -152
153 -154
156 -156
161 -158
165 -160
173 -161
0 2
0 4
1 2
3 4
3 5
5 6
6 8
7 8
7 9
9 10
10 11
11 12
12 13
13 14
14 15
15 16
16 17
17 18
18 19
19 20
20 21
21 22
22 23
23 24
24 25
25 26
26 27
27 28
28 29
29 30
30 31
31 32
32 33
33 34
34 35
35 36
36 37
37 38
38 39
39 40
40 41
41 42
42 43
43 44
44 45
45 46
46 47
47 48
48 49
49 50
