114
0 0
-14 11
-14 14
-14 17
-13 9
-13 19
-12 22
-12 25
-11 8
-11 28
-10 7
-10 30
-10 33
-9 6
-9 37
-8 6
-7 5
-7 41
-5 4
-5 46
-3 2
-3 50
0 54
3 57
7 59
10 62
12 64
13 66
14 67
16 67
18 68
19 68
20 67
22 67
23 66
25 64
28 63
32 63
37 64
41 64
44 64
48 64
53 63
59 63
64 63
70 62
76 62
83 62
89 62
95 61
102 60
108 60
113 59
118 59
123 59
129 60
135 60
140 59
144 59
148 59
152 58
157 58
161 57
164 55
166 54
169 53
170 55
170 57
171 54
171 59
172 51
172 53
173 61
174 48
174 53
174 63
175 51
175 52
176 45
176 51
176 64
177 50
178 43
179 48
179 64
181 42
181 47
182 43
182 44
182 45
182 65
184 66
187 68
190 70
194 72
201 75
205 77
208 80
210 84
211 88
212 93
214 97
216 102
216 126
216 132
217 108
217 114
217 120
217 139
219 145
220 150
220 166
221 155
221 161
0 20
1 4
1 2
2 3
3 5
4 8
5 6
6 7
7 9
8 10
9 11
10 13
11 12
12 14
13 15
14 17
15 16
16 18
17 19
18 20
19 21
21 22
22 23
23 24
24 25
25 26
26 27
27 28
28 29
29 30
30 31
31 32
32 33
33 34
34 35
35 36
36 37
37 38
38 39
39 40
40 41
41 42
42 43
43 44
44 45
45 46
46 47
47 48
48 49
49 50
50 51
51 52
52 53
53 54
54 55
55 56
56 57
57 58
58 59
59 60
60 61
61 62
62 63
63 64
64 65
65 66
66 67
66 68
67 69
68 71
69 72
70 71
71 74
72 75
73 76
74 77
75 80
76 77
76 79
78 82
79 81
80 84
81 83
82 87
83 86
84 90
85 87
86 89
87 88
88 89
90 91
91 92
92 93
93 94
94 95
95 96
96 97
97 98
98 99
99 100
100 101
101 102
102 105
103 107
103 104
104 108
105 106
106 107
108 109
109 110
110 112
111 113
112 113
