50
0 0
-1 2
-1 4
0 1
0 7
1 10
3 12
5 13
7 14
8 13
8 14
9 13
10 14
11 15
12 15
14 16
17 16
20 15
22 15
23 14
25 12
27 10
29 8
32 6
35 4
37 2
40 -1
44 -4
49 -8
53 -11
58 -14
63 -18
68 -22
72 -26
77 -29
81 -33
85 -37
88 -42
90 -48
92 -122
92 -112
92 -102
92 -55
93 -131
93 -93
94 -140
94 -84
94 -61
95 -76
95 -68
0 3
1 3
1 2
2 4
4 5
5 6
6 7
7 8
8 10
9 10
9 11
10 12
12 13
13 14
14 15
15 16
16 17
17 18
18 19
19 20
20 21
21 22
22 23
23 24
24 25
25 26
26 27
27 28
28 29
29 30
30 31
31 32
32 33
33 34
34 35
35 36
36 37
37 38
38 42
39 40
39 43
40 41
41 44
42 47
43 45
44 46
46 48
47 49
48 49
