101
0 0
-95 -30
-95 74
-93 70
-93 88
-90 86
-89 -94
-89 -88
-89 -62
-85 -75
-84 87
-83 -49
-81 -90
-81 -68
-80 -66
-75 -83
-75 -72
-74 4
-68 98
-67 -45
-64 1
-61 76
-59 -84
-49 -86
-49 77
-48 12
-45 68
-44 -64
-41 -63
-40 -22
-38 -18
-38 91
-36 -50
-29 -18
-26 -57
-26 9
-25 39
-20 -19
-11 94
-10 -76
-7 -38
-6 52
-2 2
1 -93
4 -45
4 83
7 80
8 39
9 -88
9 55
10 53
10 77
11 -12
11 20
17 48
18 53
21 -92
25 -18
27 -39
28 -57
30 -89
31 67
32 -61
33 -72
33 20
37 -69
39 -86
39 -17
39 40
40 84
45 -98
48 -54
49 -93
52 23
52 28
54 -1
54 98
55 -92
56 -92
58 76
59 -20
59 -2
62 9
64 -99
66 60
68 -48
68 43
70 8
72 -39
73 -30
74 59
74 78
77 -96
79 -80
82 -92
82 99
91 -49
95 -1
95 22
99 -77
100 -89
0 42
0 52
1 11
2 4
2 3
4 5
5 10
6 7
7 12
8 14
8 11
9 13
10 18
11 19
12 15
13 16
13 14
15 22
15 16
17 20
18 21
20 25
21 24
22 23
23 27
24 31
24 26
25 35
27 28
28 32
29 30
29 32
30 33
31 38
32 34
33 35
33 37
35 42
35 36
38 45
39 43
40 44
41 50
43 48
44 58
45 46
46 51
47 53
47 50
48 56
49 50
49 51
50 55
52 57
53 64
54 55
55 61
56 60
57 67
57 58
58 59
59 62
59 71
60 66
61 69
62 63
63 65
64 73
65 66
66 72
67 80
68 74
69 79
70 72
72 77
73 82
73 74
75 81
76 79
77 78
78 83
79 91
80 81
80 89
81 82
82 87
83 92
84 90
84 86
85 88
85 96
87 97
88 89
90 91
91 95
92 94
93 94
94 100
97 98
99 100
