101
0 0
-1949 -522
-1941 543
-1939 -149
-1908 1714
-1869 302
-1847 1177
-1749 119
-1733 -958
-1708 989
-1678 501
-1663 -772
-1653 -1303
-1520 399
-1505 -1985
-1437 508
-1423 -1596
-1379 -915
-1358 1200
-1292 1995
-1260 1668
-1250 -985
-1249 -1744
-1224 -787
-1221 -1071
-1196 -1698
-1149 1131
-1069 884
-980 -1304
-913 -1273
-834 102
-833 -1113
-764 -959
-739 -208
-651 1403
-636 -965
-630 -615
-588 -1827
-582 1644
-568 -1951
-560 1039
-475 1416
-473 1265
-440 -1215
-429 1384
-390 -593
-297 -1734
-268 -319
-130 -102
-118 898
-85 -556
-44 270
-41 -964
-22 -537
11 1364
213 -1792
222 1664
276 -1626
347 679
351 353
427 -1765
498 663
604 -1532
656 -35
693 -200
784 172
848 824
865 515
872 -865
1011 3
1016 -1986
1031 -1785
1055 -114
1079 -763
1128 -1766
1173 -289
1193 -1381
1259 1814
1261 276
1336 147
1337 -350
1342 632
1376 210
1432 1057
1434 -259
1461 1991
1488 -1680
1502 -1603
1573 1341
1599 115
1604 -1743
1623 1167
1726 -1018
1733 1069
1759 611
1851 -617
1920 -829
1928 1456
1965 663
1967 806
1996 -395
0 48
0 51
1 11
1 3
2 5
2 10
3 7
4 6
5 7
6 9
6 18
8 17
8 11
8 12
9 10
10 15
12 16
13 15
14 16
16 22
17 21
18 26
18 20
19 20
21 24
21 23
22 25
24 31
26 27
27 40
28 29
29 31
30 33
31 32
32 35
33 36
34 41
34 38
35 36
35 43
36 45
37 46
37 39
40 42
40 49
41 42
41 44
43 46
44 54
45 47
45 50
46 55
47 48
50 53
51 59
52 53
54 56
55 57
55 60
58 59
58 61
60 62
60 71
61 66
63 65
63 64
63 69
65 67
66 67
68 73
69 72
69 79
70 71
71 74
72 75
73 75
74 86
74 76
75 80
77 85
78 82
78 81
79 82
79 89
80 84
81 94
83 91
84 100
85 88
86 87
86 90
88 91
88 97
91 93
92 96
93 94
94 98
95 100
95 96
98 99
