498
0 0
-100 -28
-100 -25
-99 -80
-99 -74
-99 76
-98 3
-97 -59
-97 -46
-97 78
-96 -80
-96 -55
-96 -4
-95 -9
-95 75
-94 -66
-94 -42
-94 3
-94 28
-94 70
-94 82
-94 96
-93 18
-93 81
-92 -85
-92 -84
-92 -71
-92 -67
-92 -50
-92 -34
-92 -33
-92 -22
-91 24
-91 51
-91 59
-90 32
-90 43
-89 53
-88 4
-88 31
-87 66
-87 95
-86 -60
-86 -48
-86 26
-86 68
-85 -89
-85 -80
-84 -67
-84 18
-83 -92
-83 -40
-83 -16
-83 31
-82 -82
-82 -81
-82 -79
-82 38
-82 87
-81 -77
-81 -50
-81 -5
-81 48
-81 83
-80 -75
-78 -96
-78 -13
-78 27
-77 -63
-77 51
-77 76
-77 77
-76 -67
-76 50
-75 -87
-75 86
-74 34
-74 62
-73 -72
-73 -71
-73 -26
-72 -94
-72 79
-72 89
-71 -71
-70 2
-70 82
-69 -77
-69 -76
-69 -26
-69 47
-68 -33
-68 -30
-68 63
-67 -96
-67 -65
-67 8
-67 28
-66 -60
-66 -27
-66 -6
-66 3
-64 -93
-64 -71
-64 -13
-64 41
-63 67
-62 -71
-61 -4
-59 -2
-59 8
-59 38
-58 28
-58 76
-57 -43
-57 13
-56 -92
-56 -81
-56 38
-56 74
-54 5
-54 40
-53 62
-52 -59
-52 -41
-51 -54
-51 -28
-51 97
-50 -16
-50 31
-50 44
-49 -84
-48 -42
-48 -10
-47 -58
-47 -32
-47 46
-45 -82
-44 -93
-44 -63
-44 69
-44 97
-43 -47
-42 -33
-42 46
-41 68
-41 75
-40 24
-39 46
-39 95
-38 -88
-38 -60
-38 39
-37 -95
-37 -83
-37 -73
-37 7
-36 -30
-35 -72
-35 -71
-35 -20
-34 -88
-34 -18
-34 31
-34 51
-34 59
-34 96
-33 -96
-32 90
-31 -75
-31 -56
-30 -23
-30 11
-29 -44
-29 -12
-29 78
-29 83
-28 -57
-28 83
-27 -90
-27 -83
-27 15
-26 -42
-25 -64
-25 -59
-24 14
-24 28
-23 -1
-22 -100
-22 62
-22 86
-21 -40
-21 68
-20 -95
-20 -26
-20 -22
-20 -6
-20 -3
-19 34
-19 42
-18 -84
-18 -31
-18 24
-17 -54
-17 82
-16 2
-15 -41
-15 -16
-14 55
-14 72
-13 -57
-13 -50
-13 -31
-13 -16
-13 -6
-13 48
-12 -55
-12 37
-12 61
-11 97
-10 -52
-10 50
-10 53
-9 6
-9 31
-9 65
-8 6
-8 26
-8 45
-7 -28
-7 -14
-7 29
-6 -42
-6 -23
-4 -92
-4 -66
-4 -10
-4 60
-4 96
-3 -54
-3 -29
-2 -98
-2 -20
-2 -5
-2 8
-2 70
-1 -63
0 58
1 -78
1 -65
1 -48
2 24
3 -54
3 44
3 68
4 6
4 51
4 71
5 -63
6 -19
6 56
7 8
8 -98
8 -88
8 14
8 43
9 -20
9 50
9 55
9 58
10 -65
10 -18
10 25
10 26
10 62
10 70
11 57
12 -54
12 36
13 -81
13 -60
13 -27
13 -16
13 4
14 -84
14 -8
14 11
14 17
15 -46
15 -8
17 -96
18 -37
19 -6
19 74
20 -20
20 32
20 34
21 -90
21 -13
21 72
21 86
22 -86
22 -44
22 9
23 -55
23 -39
23 13
23 61
23 87
24 -12
24 54
25 -32
25 8
25 45
25 72
26 56
27 -86
27 -70
27 17
27 40
28 -88
28 -72
28 -3
28 38
28 58
29 -6
29 67
30 -75
30 -31
30 36
30 81
31 -31
32 -67
32 -59
32 -20
33 -97
33 -23
33 15
34 -40
34 -36
34 -7
34 71
34 97
35 -30
35 81
36 -20
36 33
36 40
37 -49
37 10
37 38
38 -89
38 -56
38 23
38 82
39 -85
39 -6
39 0
40 -58
41 -83
41 80
42 -57
43 -71
43 -56
43 52
44 -45
44 8
44 10
44 39
44 56
44 58
45 -94
45 96
47 -94
47 -82
47 -74
47 -60
47 -32
47 -11
47 46
47 83
48 -11
49 0
49 51
50 24
51 -82
52 38
52 100
53 -44
53 -26
53 30
53 49
53 79
55 -84
55 -53
55 -51
56 -19
56 4
57 -96
57 51
57 65
58 -7
58 17
58 20
58 36
58 38
58 85
59 -23
59 -20
60 -12
61 -78
61 41
61 46
62 -68
63 -62
63 -57
63 -28
64 -43
64 -29
64 -19
64 38
64 60
64 75
65 37
67 -61
67 -32
69 -7
69 17
69 40
70 -10
71 -80
73 -75
73 -59
73 54
75 -74
75 -61
75 -30
75 86
76 -23
77 -49
77 98
78 -83
78 -7
79 -67
79 -41
79 88
81 -74
81 -66
81 13
81 50
81 61
81 73
81 76
82 -92
82 -83
82 -63
84 38
84 94
85 -90
85 76
86 -90
86 -80
87 -99
87 -54
87 73
88 -47
88 -27
90 54
91 35
91 59
92 -91
92 -29
92 -4
92 52
93 -66
93 -35
93 -33
93 -22
93 1
93 56
94 -71
94 -5
94 68
94 91
95 -44
95 52
96 -81
97 -97
97 -46
97 80
98 -61
98 -32
98 2
99 -54
99 58
99 59
99 93
100 -79
0 243
0 244
1 2
2 31
3 4
3 10
4 26
5 14
5 9
6 12
6 17
7 15
7 11
8 28
8 16
9 20
10 25
11 28
12 61
12 13
14 19
15 27
16 29
17 38
18 32
19 45
20 23
20 21
21 41
22 32
22 49
24 25
26 27
27 48
28 43
29 30
30 31
31 52
32 44
33 36
33 37
33 34
34 40
35 39
35 36
39 53
39 44
40 45
41 58
42 48
43 60
43 51
46 50
46 47
47 55
48 72
50 65
52 66
53 57
53 67
54 55
55 56
56 59
57 62
58 63
58 75
59 64
61 66
62 73
64 78
65 81
66 104
67 76
68 72
69 73
70 71
71 82
72 79
73 90
73 77
74 81
75 83
75 86
77 93
78 79
79 84
80 89
81 94
82 86
84 88
84 103
85 101
87 88
89 99
90 105
91 92
92 99
93 106
94 102
95 103
95 98
96 101
96 110
97 112
99 126
100 104
100 108
100 101
102 116
103 107
105 111
106 113
106 122
108 109
110 115
110 120
111 118
111 112
112 129
113 119
114 124
116 117
117 131
118 121
121 130
123 134
123 125
124 132
126 135
126 128
127 141
128 133
130 136
131 137
132 135
132 142
134 139
135 143
136 144
137 154
138 153
139 151
140 145
141 149
143 157
144 148
145 146
146 175
147 163
148 152
148 164
149 166
150 154
150 161
150 153
151 170
151 155
152 163
153 167
154 155
155 158
156 172
157 160
158 159
158 169
160 171
160 162
161 179
162 174
163 186
164 165
166 168
168 176
170 177
171 195
172 181
173 182
175 176
176 178
177 184
178 190
179 180
179 193
180 200
181 185
182 191
183 184
184 203
185 186
186 198
186 202
187 197
188 193
189 218
189 192
190 204
191 201
191 206
192 209
194 201
194 195
196 214
196 197
197 205
198 217
198 199
201 212
203 216
204 209
204 219
206 232
206 211
207 213
208 222
208 218
210 216
211 220
212 229
213 230
213 214
215 217
215 221
216 220
217 224
218 225
218 237
219 238
220 239
221 222
221 228
223 226
224 231
226 244
227 251
227 231
229 233
229 240
230 236
230 233
233 242
234 241
235 246
236 243
237 247
239 252
241 262
242 259
244 255
245 257
246 258
246 249
247 260
248 249
250 252
251 272
252 277
253 256
253 265
254 257
255 261
256 267
257 275
258 270
259 266
260 268
261 264
262 263
263 284
264 286
265 278
266 271
266 281
267 268
268 269
269 276
269 274
270 280
271 282
272 287
272 273
274 275
277 280
277 288
277 304
278 296
279 284
282 285
283 286
284 301
285 289
286 287
286 303
288 302
289 292
290 297
291 305
292 298
292 325
293 299
294 298
295 296
296 323
297 301
298 309
299 314
300 308
301 316
302 305
303 312
303 306
305 311
306 318
307 310
308 330
310 313
310 315
311 328
313 319
314 326
315 324
316 320
317 332
317 321
318 337
319 323
320 351
321 327
322 325
323 329
324 326
325 340
326 341
328 331
329 346
330 344
331 343
332 333
333 352
334 336
334 345
335 351
336 343
337 349
338 339
338 348
339 343
340 356
341 344
342 372
344 354
346 350
346 353
347 350
348 352
348 365
349 367
350 368
351 355
351 371
352 358
354 360
355 359
356 357
357 382
358 361
359 374
360 380
361 363
361 376
362 375
364 383
364 369
365 388
366 367
368 386
369 370
371 373
372 380
372 387
373 398
374 385
374 375
377 389
378 381
379 383
380 392
381 382
382 397
383 391
384 390
384 403
385 393
386 405
386 390
388 395
388 417
389 407
391 399
392 406
392 422
393 410
394 395
394 415
396 408
397 401
399 412
399 400
400 421
401 409
401 426
402 403
402 427
404 405
405 411
405 420
407 408
407 416
408 409
408 419
410 413
411 412
413 414
414 415
414 424
416 418
418 425
420 423
420 428
421 433
424 432
425 436
426 429
426 442
427 448
430 431
430 441
431 434
432 435
433 449
434 446
435 455
436 438
437 445
439 465
439 444
440 457
441 454
442 472
443 447
445 452
445 457
446 447
447 455
447 474
449 450
449 456
450 451
450 469
451 452
452 459
453 454
453 458
454 461
456 468
457 483
458 460
459 464
460 470
460 462
461 486
463 465
464 482
465 488
466 471
467 479
467 473
469 479
470 487
471 476
471 477
472 481
472 478
473 485
474 480
474 490
475 484
475 476
476 491
478 492
479 494
483 496
483 489
484 488
486 497
488 493
490 493
494 495
