300
0 0
118 29
120 32
124 48
132 55
136 55
138 73
139 65
140 68
141 26
146 95
148 75
148 79
154 92
154 95
158 94
158 120
160 73
164 27
165 83
165 107
168 137
177 36
177 93
178 54
178 104
180 87
180 162
180 534
181 91
181 145
181 550
182 38
182 111
182 127
185 575
186 186
186 583
187 100
187 575
189 128
189 167
190 135
190 545
191 51
191 534
194 164
201 126
201 569
202 137
204 85
204 155
204 208
205 213
205 531
207 104
208 142
211 141
213 106
213 167
213 225
215 247
216 185
217 197
217 208
221 194
222 215
224 180
224 205
225 175
225 580
225 582
226 159
229 143
232 555
233 149
233 568
234 140
234 210
234 218
235 163
235 173
236 538
236 544
237 253
239 244
243 261
243 579
245 180
247 559
248 573
249 208
249 315
249 531
251 181
251 327
253 238
253 300
254 528
255 332
256 503
256 527
256 546
256 571
257 192
257 513
257 563
260 529
260 564
261 229
262 555
263 523
264 245
265 243
265 541
266 250
267 211
267 242
268 271
268 545
269 279
270 294
271 368
272 294
272 317
272 378
273 498
274 282
274 540
275 548
276 304
277 274
277 316
277 454
279 256
279 564
282 529
283 342
283 432
283 436
284 436
285 362
287 538
290 557
291 359
291 467
293 309
293 432
293 486
294 330
294 374
296 422
296 468
296 477
296 538
299 303
300 377
300 490
300 524
301 374
301 524
301 532
302 525
303 445
303 456
303 466
304 496
306 351
306 418
308 349
311 386
311 491
313 312
313 428
315 506
317 431
317 485
319 421
320 352
320 453
321 498
324 384
324 408
325 462
326 351
329 335
329 405
329 425
333 461
339 354
340 438
341 346
342 293
342 334
343 411
344 363
344 436
346 288
346 357
347 327
348 252
348 294
349 289
351 408
352 254
353 243
353 394
355 275
357 264
357 266
357 319
359 341
359 352
361 330
361 365
361 368
362 382
363 385
366 274
366 366
368 339
370 272
370 290
370 297
370 371
371 294
371 310
373 358
375 198
375 217
375 261
377 254
378 172
381 239
382 226
383 277
383 327
387 224
388 258
389 281
390 148
391 244
392 159
395 160
395 301
396 131
398 256
399 144
399 261
400 187
400 290
401 236
401 244
402 141
406 132
408 120
408 124
408 193
409 245
413 132
413 186
414 100
414 248
415 181
416 140
416 255
417 191
417 221
420 119
421 219
423 119
424 140
431 119
431 163
431 215
433 102
437 45
437 73
438 64
440 107
450 164
454 51
455 141
457 95
461 60
462 43
462 61
462 107
463 78
466 118
466 120
467 79
468 59
471 40
473 52
477 64
478 85
479 60
480 38
483 37
0 1
1 2
1 9
2 3
3 4
4 5
5 7
6 8
6 11
7 8
9 18
10 12
10 14
11 12
11 17
13 14
14 15
16 20
17 19
18 22
19 26
20 25
21 30
22 32
22 24
23 29
23 25
24 44
25 33
25 38
26 29
27 30
27 41
28 45
30 34
31 35
31 43
33 34
34 40
35 39
36 41
37 39
38 55
39 48
40 42
40 47
41 46
43 45
45 54
47 49
48 76
49 56
50 55
51 56
52 64
52 53
55 58
56 57
57 73
59 69
60 66
60 61
62 67
62 63
63 65
63 64
64 68
64 66
67 69
68 78
69 81
70 87
70 71
72 80
73 77
73 75
74 89
74 76
74 83
75 80
78 79
78 91
80 81
81 88
82 83
84 85
84 86
85 96
87 90
88 94
89 106
90 103
91 116
92 97
92 95
93 98
94 104
95 99
96 109
96 113
97 121
98 101
100 105
100 126
101 107
101 105
102 119
102 110
103 106
106 108
107 114
107 111
108 110
108 135
109 116
112 113
112 115
113 117
114 128
114 119
115 134
118 120
120 127
121 123
122 141
122 125
123 127
123 130
124 132
127 131
128 142
128 129
130 132
130 146
131 134
133 139
135 143
136 142
137 149
137 141
138 147
138 139
139 140
141 144
142 154
144 150
144 167
145 152
146 155
146 149
146 172
147 151
147 163
148 153
148 157
150 159
151 168
152 165
152 153
154 161
156 159
156 170
157 166
157 171
158 160
160 166
160 162
160 161
163 164
164 165
164 179
167 169
167 178
168 177
170 181
171 176
171 180
173 175
174 180
175 177
177 182
177 187
178 184
179 183
182 186
183 188
184 189
185 193
186 194
187 190
189 191
189 198
190 196
191 193
192 201
193 199
194 203
195 198
197 202
199 213
200 204
201 202
202 207
203 206
204 208
204 205
206 217
207 218
207 209
208 209
210 213
210 226
211 213
211 212
211 220
212 214
213 236
214 215
214 219
215 216
216 217
218 221
219 224
219 227
221 222
221 230
221 235
222 225
223 226
223 225
228 229
228 232
229 234
230 231
231 238
232 242
233 241
233 234
234 237
235 239
238 246
239 250
240 242
240 247
241 252
242 243
244 250
245 254
246 248
246 252
247 253
249 260
251 252
252 258
253 254
254 259
254 256
255 256
255 268
257 266
258 262
259 264
260 266
260 263
261 275
262 265
262 267
264 271
266 267
267 269
268 270
269 274
270 272
271 273
272 275
273 280
275 279
276 281
276 278
277 278
279 287
280 282
281 284
283 287
283 288
284 286
285 293
286 288
286 292
287 289
288 291
289 290
291 296
292 294
292 297
293 294
293 298
295 297
298 299
