901
0 0
0 2
1 822
2 247
3 988
4 989
5 589
6 232
7 229
8 992
9 224
10 995
11 836
12 997
13 838
14 839
15 619
16 624
17 844
18 845
19 630
22 638
23 183
24 644
25 646
27 857
28 654
29 657
30 164
31 163
33 158
34 156
35 867
36 152
38 676
42 138
43 688
45 132
46 880
47 128
48 126
50 884
52 119
53 116
54 114
55 711
57 714
58 715
59 105
60 896
61 897
63 97
64 726
65 94
66 93
67 731
68 734
69 735
70 736
71 83
72 909
74 910
75 912
77 913
78 749
79 916
81 753
84 415
85 60
86 367
87 763
88 353
89 926
90 767
91 927
94 772
95 522
96 301
97 298
98 535
100 284
101 781
102 36
103 784
104 271
105 941
106 563
107 29
108 27
109 25
110 575
111 246
112 22
113 21
114 949
115 235
116 592
118 227
119 223
120 604
121 807
122 956
123 611
124 210
125 958
127 813
129 200
130 198
131 963
132 820
133 190
134 636
135 185
136 967
137 968
138 645
139 828
141 829
142 972
143 170
145 975
147 976
148 837
149 157
150 978
151 669
152 842
153 672
154 149
156 145
158 984
159 848
161 850
162 135
163 133
164 689
165 691
166 693
168 125
169 123
171 994
172 702
173 118
174 996
177 709
178 998
179 108
180 868
181 106
183 871
185 872
186 98
188 418
189 429
190 380
192 729
193 89
194 879
195 733
196 84
198 324
199 318
200 512
201 309
202 741
203 742
204 299
205 295
206 290
207 747
208 891
209 68
210 893
211 65
212 272
213 555
214 558
216 757
217 258
218 257
219 760
220 900
221 250
222 902
223 765
224 50
225 239
226 238
227 236
228 233
229 44
230 907
231 226
232 41
234 775
235 38
236 607
237 215
238 213
239 33
240 32
242 204
244 28
245 917
246 26
247 626
248 789
249 920
250 631
251 189
252 634
254 18
255 924
256 925
257 642
258 14
259 13
260 647
261 928
262 172
263 929
265 167
266 655
268 162
269 4
270 3
271 661
272 934
273 810
274 811
275 812
276 668
277 150
278 148
279 147
280 815
281 816
282 940
283 142
284 141
285 679
286 942
287 681
288 943
289 944
291 131
292 421
293 441
294 373
295 464
296 363
297 124
298 352
299 345
300 488
301 493
302 335
303 328
304 117
305 322
306 833
307 316
308 703
309 704
310 521
311 524
312 302
314 957
315 534
316 710
317 289
318 541
319 542
320 546
321 960
322 550
323 717
325 719
326 720
327 846
328 561
329 847
330 722
331 724
332 87
333 965
334 725
336 727
337 851
338 82
339 853
340 242
341 240
342 732
343 78
345 588
346 231
347 971
349 72
350 595
351 739
352 222
353 973
354 860
355 974
356 861
357 862
358 605
359 744
360 212
361 977
362 864
363 865
364 206
365 59
366 615
367 58
368 618
369 979
370 751
371 980
372 53
373 622
374 870
375 754
376 192
377 982
378 49
379 629
380 47
381 873
382 983
383 759
384 633
386 635
387 761
388 875
390 40
391 639
392 877
393 641
394 426
395 439
396 444
397 377
398 372
399 465
400 469
401 471
402 354
403 649
404 770
405 485
406 160
407 491
408 336
409 334
410 497
411 773
412 327
413 323
414 506
415 24
416 317
417 659
418 660
419 886
420 308
421 519
422 662
423 523
424 664
425 143
426 528
427 529
428 530
429 667
430 140
431 536
432 537
433 782
434 539
435 540
436 783
437 12
438 892
439 545
440 673
441 548
442 549
443 674
444 675
445 129
446 786
447 127
448 894
449 677
450 895
451 5
452 260
453 259
454 562
455 122
456 256
457 564
458 254
459 1
460 252
461 683
462 0
463 569
464 570
465 792
466 571
467 685
468 573
469 793
470 112
471 687
472 111
473 576
474 110
475 237
476 794
477 579
478 795
479 580
482 230
483 901
484 583
485 584
486 103
487 796
488 585
489 586
490 692
491 797
492 414
493 436
494 798
495 448
496 454
497 218
498 217
499 462
500 96
501 799
502 695
503 214
504 364
505 696
506 476
507 477
508 357
509 355
510 209
511 350
512 207
513 347
514 90
516 343
517 597
518 203
519 338
520 698
521 496
522 498
523 598
524 85
525 699
526 199
527 905
528 502
530 504
531 505
532 802
533 195
534 320
535 319
536 601
537 509
538 80
539 315
540 510
541 191
542 312
543 311
544 602
545 513
546 188
547 77
549 306
550 305
551 186
552 515
553 906
554 75
555 74
557 516
558 73
561 700
562 296
564 294
565 71
566 180
567 179
568 292
571 801
573 69
574 177
576 442
577 518
578 286
579 517
580 285
581 904
582 411
583 409
584 406
585 800
586 66
587 281
588 697
589 280
590 514
591 596
592 473
593 474
594 392
595 64
596 594
597 903
598 169
599 593
600 478
601 694
602 63
603 591
604 274
605 382
606 273
607 62
608 379
609 480
610 495
611 492
612 490
613 483
614 475
615 470
616 690
617 466
618 269
619 581
620 460
621 371
622 899
623 482
624 578
625 455
627 453
628 898
629 574
630 572
631 684
632 486
633 449
634 265
635 567
636 790
637 365
638 161
639 264
640 560
641 557
642 556
643 554
644 499
645 500
646 547
647 544
648 543
649 511
650 443
651 526
653 999
654 262
656 671
660 360
664 889
665 665
666 359
667 159
668 663
669 261
670 778
671 777
672 445
673 776
674 658
676 446
677 885
678 656
679 447
681 653
682 652
683 883
684 650
685 882
686 450
687 991
688 451
689 55
690 990
691 768
693 766
694 361
695 456
696 878
697 457
698 458
700 459
701 56
702 461
703 362
704 628
705 627
706 985
707 874
708 467
710 621
711 756
712 472
713 755
714 613
715 57
716 610
717 366
718 606
719 481
720 603
721 600
722 487
723 748
724 266
725 369
726 494
727 587
728 501
729 267
730 577
731 508
732 568
733 268
734 525
735 551
736 374
737 737
738 375
739 859
740 858
743 270
744 165
745 856
746 166
747 854
748 381
749 61
750 969
751 852
752 383
753 384
754 723
755 721
756 966
757 275
758 168
759 389
760 716
761 276
762 391
763 713
764 277
765 393
766 278
767 395
768 961
769 707
770 397
771 398
772 959
773 400
774 401
775 282
776 403
777 283
778 404
779 835
780 67
781 954
782 175
783 831
784 176
785 412
786 686
787 288
788 951
789 682
790 70
791 178
792 678
793 422
794 423
795 823
796 425
797 427
798 181
799 666
800 431
801 433
802 434
803 297
804 437
805 184
806 814
807 300
808 939
809 648
810 938
811 643
812 76
813 303
814 936
815 935
816 805
817 463
818 803
819 468
820 620
821 79
822 617
823 614
824 609
825 484
826 193
827 599
828 314
829 590
830 507
831 196
832 565
833 559
835 197
836 321
837 785
839 86
840 325
841 326
842 201
844 202
845 329
846 915
847 331
848 332
849 333
850 771
851 769
852 91
853 208
854 908
855 92
856 340
857 342
858 762
859 344
861 758
862 95
863 348
864 349
865 752
866 216
869 746
870 99
871 100
872 220
873 101
875 738
876 102
877 890
879 888
880 370
881 728
884 228
885 107
886 378
887 881
888 718
889 109
890 385
891 712
892 234
893 876
894 708
895 706
896 113
897 701
898 399
900 869
901 115
902 407
903 408
904 244
905 413
906 863
907 680
908 417
909 120
910 121
911 670
912 251
913 855
914 432
915 993
916 255
917 6
918 7
919 849
920 8
921 452
922 637
923 9
924 263
925 10
926 623
927 11
928 616
929 608
930 489
931 134
932 503
933 582
934 15
935 553
936 16
937 139
938 827
939 279
940 825
941 824
942 19
943 970
944 144
945 818
946 287
947 146
948 23
950 291
951 964
953 808
954 806
956 804
957 153
958 155
959 304
960 955
961 30
962 307
963 31
964 791
965 950
966 788
967 34
968 948
969 35
970 946
971 945
972 779
975 774
976 39
977 330
978 171
979 937
980 42
981 174
982 43
983 339
984 341
985 931
986 930
987 346
988 750
989 182
990 351
991 745
992 923
993 740
994 51
995 187
996 919
998 918
999 368
0 1
1 89
2 12
3 7
3 91
4 5
5 9
6 16
7 8
8 10
9 72
9 11
10 22
11 13
12 14
14 15
15 18
16 17
17 20
18 19
19 25
20 21
21 23
22 28
23 24
24 26
25 32
26 27
27 34
28 29
29 30
30 31
31 33
32 38
33 35
34 36
35 37
36 45
37 39
38 41
39 40
40 42
41 49
42 43
43 44
44 48
45 46
46 47
47 52
48 51
49 50
50 60
51 53
52 55
53 54
54 59
55 56
56 57
57 58
58 64
59 68
60 61
61 62
62 63
63 65
64 66
65 72
66 70
67 69
67 152
68 82
69 71
70 73
71 77
72 74
73 75
74 85
75 81
76 79
77 78
78 80
79 86
80 84
81 83
82 87
83 100
84 91
85 94
86 90
87 88
88 89
89 92
90 96
91 95
92 93
94 101
95 97
96 99
97 98
98 103
99 102
100 105
101 104
102 111
103 106
104 108
105 109
106 107
107 110
108 113
109 116
110 112
111 115
112 119
113 114
114 118
115 125
116 117
117 122
118 120
119 123
120 121
121 124
122 126
123 128
124 130
125 127
126 131
127 135
128 129
129 133
130 140
131 132
132 147
133 134
134 138
135 136
136 137
137 141
138 139
139 142
140 143
141 144
142 146
143 145
144 155
145 149
146 148
147 149
148 151
149 150
150 157
151 156
152 153
152 154
153 162
154 160
155 158
156 159
157 170
158 164
159 171
160 161
161 163
162 175
163 166
164 165
165 169
166 167
167 168
168 174
169 177
170 172
171 173
172 181
173 185
174 178
175 176
176 196
177 180
178 179
179 182
180 184
181 183
182 186
183 191
184 194
185 190
186 187
187 188
188 189
189 192
190 193
191 203
192 197
193 195
194 206
195 199
196 205
197 198
198 201
199 200
200 202
201 209
202 204
203 207
204 211
205 208
206 228
207 212
208 210
209 219
210 214
211 215
212 213
213 218
214 217
215 216
216 224
217 222
218 220
219 221
220 227
221 223
222 226
223 232
224 225
226 231
227 237
228 229
229 230
230 235
231 240
232 233
233 234
234 238
235 236
236 260
237 241
238 239
239 245
240 242
241 243
242 262
243 244
244 267
245 251
246 247
246 248
247 249
248 250
249 254
250 252
251 258
252 253
253 256
254 255
255 264
256 257
257 259
258 284
259 261
260 279
261 266
262 263
263 269
264 265
265 268
266 270
267 274
268 271
269 276
270 291
271 272
272 273
273 275
274 285
275 280
276 277
277 278
278 282
279 281
280 295
281 288
282 283
283 286
284 289
285 297
286 287
287 293
288 290
289 294
290 303
291 292
292 296
293 300
294 298
295 299
296 301
297 302
298 314
299 307
300 308
301 309
302 304
303 305
304 310
305 306
306 311
307 315
308 319
309 313
310 318
311 312
312 323
313 325
314 316
315 317
316 321
317 322
318 320
319 324
320 326
321 327
322 328
323 330
324 332
325 353
326 331
327 329
328 333
329 337
330 336
330 331
332 335
333 334
334 338
335 351
336 339
337 362
338 340
339 366
340 350
341 342
341 344
342 343
343 346
344 345
345 349
346 347
347 348
348 352
349 355
350 364
351 358
352 354
353 372
354 357
355 356
356 359
357 361
358 380
359 360
360 363
361 368
362 384
363 367
364 365
365 369
366 385
367 399
368 370
369 371
370 373
371 376
372 377
373 374
374 375
375 378
376 387
377 392
378 379
379 381
380 383
381 382
382 386
383 393
384 398
385 395
386 388
387 390
388 389
389 401
390 391
391 396
392 394
393 412
394 402
395 397
396 408
397 428
398 406
399 400
400 403
401 404
402 417
403 405
404 410
405 407
406 409
407 422
408 414
410 411
411 413
412 416
413 415
414 418
415 420
416 423
417 419
418 435
419 421
420 424
421 431
422 427
423 425
424 426
425 432
426 429
427 442
428 471
429 430
430 433
431 445
432 436
433 434
434 461
435 447
436 439
437 438
437 449
438 440
439 446
440 441
441 444
442 443
443 448
444 451
445 459
446 475
447 450
448 455
449 453
450 464
451 452
452 465
453 454
454 456
455 457
456 458
457 462
458 460
459 468
460 463
461 467
462 470
463 477
464 469
465 466
466 472
467 479
468 481
469 500
470 476
471 495
472 473
473 474
474 480
475 507
476 484
477 478
478 482
479 487
480 483
481 490
482 485
483 488
484 489
485 486
486 491
487 525
488 494
489 493
490 496
491 492
492 501
493 504
494 498
495 515
496 497
497 499
498 511
499 503
500 522
501 502
502 506
503 508
504 505
505 509
506 512
507 519
508 520
509 532
510 516
510 526
511 513
512 514
513 524
514 521
515 531
516 517
517 518
518 528
519 569
520 529
521 523
522 535
523 538
524 544
525 530
526 527
527 534
528 539
529 536
530 533
531 556
532 571
533 537
534 543
535 550
536 541
537 553
538 540
539 542
540 552
541 612
542 555
543 547
544 545
545 546
546 547
547 548
547 557
548 549
549 551
550 564
551 554
552 567
553 558
554 559
555 570
556 561
557 565
558 562
559 560
560 566
561 589
562 563
563 568
564 587
565 577
566 583
567 572
568 573
569 595
570 588
571 592
572 586
573 574
574 575
575 576
576 579
577 578
578 582
579 580
580 581
581 584
582 584
583 597
585 610
586 594
587 590
588 591
589 601
590 593
591 616
592 662
593 599
594 644
595 596
596 598
597 600
598 614
599 602
600 603
601 606
602 604
603 609
604 605
605 607
606 608
607 625
608 618
608 610
609 611
610 613
611 617
612 622
613 627
614 615
615 631
616 624
617 619
618 628
619 620
620 621
621 623
622 635
623 629
624 637
625 626
626 630
627 668
628 659
629 632
630 634
631 633
632 639
633 643
634 636
635 667
636 638
637 645
638 640
639 642
640 641
641 647
642 646
643 657
644 649
645 656
646 648
647 650
648 651
649 653
650 652
651 654
652 655
653 661
654 655
656 658
657 672
658 666
659 660
660 663
661 675
662 664
663 665
664 676
665 669
666 670
667 698
668 674
669 697
670 671
671 677
672 673
673 678
674 686
675 679
676 700
677 680
678 681
679 682
680 683
681 687
682 684
683 685
684 693
685 688
686 690
687 704
688 689
689 691
690 699
691 692
692 694
693 695
694 696
695 705
696 703
697 701
698 708
699 706
700 702
701 713
702 709
703 711
704 707
705 721
706 726
707 710
708 730
709 716
710 717
711 712
712 714
713 724
714 715
715 718
716 723
717 727
718 719
719 720
720 722
721 725
722 735
723 744
724 734
725 731
726 728
727 729
728 732
729 738
730 739
731 746
732 733
733 761
734 736
735 737
736 754
737 743
738 740
739 755
740 741
741 742
742 745
743 748
744 749
745 747
746 753
747 750
748 751
749 752
750 751
752 758
753 756
754 765
755 767
756 757
757 760
758 759
759 768
760 762
761 769
762 763
763 764
764 771
765 766
766 773
767 770
768 780
769 788
770 776
771 772
772 774
773 775
774 777
775 779
776 782
777 778
778 790
779 781
780 784
781 786
782 783
783 785
784 792
785 787
786 791
787 793
788 789
789 795
790 794
791 796
792 800
793 797
794 798
795 801
796 799
797 804
798 806
799 802
800 811
801 807
801 822
802 803
803 805
804 808
805 814
806 809
807 813
808 816
809 810
810 812
811 819
812 815
813 820
814 818
815 821
816 817
816 824
817 838
818 829
819 823
820 826
821 828
822 850
823 831
824 825
825 827
826 845
827 830
828 837
829 833
830 832
831 846
832 834
833 835
834 841
835 836
836 840
837 839
838 844
839 842
840 842
841 843
843 849
844 851
845 847
846 853
847 848
848 852
849 855
850 857
851 854
852 858
853 856
854 861
855 865
856 863
857 864
858 859
859 860
860 868
861 862
862 880
863 866
864 869
865 867
866 879
867 871
868 870
869 872
870 876
871 873
872 874
873 878
874 875
875 881
876 877
877 890
878 882
879 885
880 883
881 887
882 884
883 891
884 896
885 886
886 889
887 888
888 894
889 892
890 893
891 897
892 900
893 895
894 898
898 899
