50
0 0
-94 -35
-91 -38
-86 -41
-83 -42
-81 -45
-78 -49
-73 -52
-66 -55
-61 -59
-54 -63
-45 -66
-36 -68
-29 -70
-20 -73
-17 -28
-17 -23
-15 -32
-15 -20
-12 -15
-11 -75
-11 -36
-11 -12
-10 -11
-7 -9
-6 -6
-5 -42
-4 -78
-4 -2
-1 0
1 -82
2 -46
8 -85
8 -50
14 -87
16 -52
19 -88
22 -54
23 -87
26 -55
27 -85
29 -81
31 -77
31 -57
35 -75
35 -61
37 -67
38 -75
38 -71
40 -73
0 29
1 2
2 3
3 4
4 5
5 6
6 7
7 8
8 9
9 10
10 11
11 12
12 13
13 14
14 20
15 16
15 17
16 18
17 21
18 19
19 22
20 27
21 26
22 23
23 24
24 25
25 28
26 31
27 30
28 29
30 32
31 33
32 34
33 35
34 36
35 37
36 38
37 39
38 40
39 43
40 41
41 42
42 44
43 45
44 47
45 46
46 48
47 48
48 49
