901
0 0
0 674
1 553
2 676
3 50
6 902
7 558
8 903
9 679
10 793
12 36
13 423
14 33
15 563
16 31
17 428
18 29
19 26
20 684
21 907
22 685
23 568
24 20
25 569
26 18
27 439
28 16
29 441
30 442
31 800
32 689
34 690
35 575
36 449
37 802
38 4
39 452
41 912
42 804
43 580
44 913
45 805
46 457
48 696
49 460
50 229
51 261
52 270
53 198
54 191
55 699
56 289
57 177
58 176
59 588
60 169
61 164
62 810
63 310
64 918
65 154
66 149
67 811
68 322
69 144
71 327
73 134
74 133
76 595
77 126
78 124
79 123
80 120
81 119
82 484
83 349
84 922
85 352
86 816
87 109
88 355
89 601
90 359
91 103
93 362
94 363
95 97
97 367
98 368
99 493
100 90
101 89
102 495
103 86
104 496
105 375
106 82
107 377
108 80
109 79
110 926
111 608
112 75
113 74
114 715
115 821
116 71
117 386
118 69
119 502
120 503
121 65
122 822
123 391
124 504
125 393
126 61
127 823
128 394
129 395
130 613
131 507
132 397
133 398
134 719
135 614
136 509
139 615
141 47
142 46
143 404
144 44
145 405
146 511
147 931
148 236
149 256
150 39
151 268
152 205
153 276
154 279
155 195
156 283
157 286
158 34
159 411
160 32
161 412
162 515
164 175
165 414
166 28
167 516
168 723
169 415
170 932
171 517
172 416
173 160
174 312
175 157
176 21
177 518
179 317
181 620
182 828
183 418
184 145
186 323
187 15
188 141
191 420
192 137
193 136
194 11
195 621
198 130
200 8
202 332
203 829
204 933
205 125
206 519
207 421
209 121
216 116
220 0
222 112
224 337
228 108
230 107
231 724
232 253
233 419
234 242
235 274
236 275
237 336
238 280
239 102
241 285
242 221
243 417
244 334
245 333
246 99
247 98
248 292
249 331
250 294
251 722
252 209
253 329
254 207
255 206
256 826
257 513
258 203
259 202
260 721
261 930
262 299
263 319
264 318
265 91
266 314
267 720
268 406
269 307
270 296
271 929
272 300
274 508
275 401
276 400
277 278
278 277
279 301
280 718
281 302
282 612
283 928
284 187
285 611
286 304
287 269
288 305
289 306
290 185
291 501
292 384
293 383
294 381
295 380
296 499
297 376
298 315
299 316
300 372
301 713
302 366
303 364
304 361
305 330
306 262
307 346
308 180
310 81
311 491
312 923
313 710
314 489
315 488
316 709
317 487
318 486
320 815
321 485
324 707
325 597
326 480
327 596
328 264
329 479
330 265
331 920
332 705
333 475
334 266
335 592
336 812
337 267
338 471
339 470
340 178
341 468
344 700
345 465
346 587
347 916
348 179
349 273
350 459
351 458
352 584
353 807
354 455
355 582
356 806
357 581
358 450
359 448
360 579
361 694
362 284
363 693
365 287
366 438
367 437
368 291
369 435
370 573
371 184
372 83
373 298
374 426
375 688
376 799
377 303
378 567
379 84
380 188
381 410
382 313
383 407
384 85
385 321
386 190
387 392
388 389
389 794
390 559
391 354
392 904
394 194
395 678
398 791
401 901
402 548
403 789
404 673
405 900
406 672
407 92
408 671
410 93
411 669
412 785
413 538
414 537
415 666
416 896
417 95
418 534
419 96
420 211
421 531
422 662
424 215
425 892
426 779
427 100
428 523
429 521
430 520
432 222
433 889
434 1000
435 225
436 104
437 652
438 228
439 105
440 650
441 506
442 233
443 770
444 885
445 884
446 237
447 239
448 767
449 883
450 111
451 766
452 490
453 765
454 247
455 114
456 115
457 1
458 481
459 636
460 761
461 258
462 472
463 759
464 876
465 466
466 989
467 628
468 756
469 272
470 626
471 872
472 986
473 282
474 446
475 752
476 9
477 619
478 984
479 617
480 749
481 424
482 12
483 13
484 981
485 866
486 402
487 335
488 390
489 356
490 139
491 978
492 140
493 861
495 738
496 860
497 736
498 146
499 858
500 974
501 22
502 150
503 593
504 855
505 24
506 153
507 25
508 729
509 156
510 852
511 851
512 969
513 725
514 30
515 163
516 848
517 576
518 847
519 167
520 168
521 571
522 170
523 844
524 173
525 37
526 565
527 961
528 38
529 712
530 840
531 41
532 556
533 554
534 708
535 551
536 706
537 835
538 192
539 193
540 543
541 702
542 540
543 199
544 831
545 952
546 52
547 532
548 208
549 527
550 210
551 525
552 691
553 216
554 217
555 824
556 220
557 687
558 62
559 63
560 820
561 683
562 818
563 942
564 238
565 68
566 243
567 244
568 246
569 675
570 483
571 938
572 477
573 670
574 76
575 469
576 464
577 461
578 665
579 453
580 451
581 445
582 803
583 295
584 297
585 427
586 309
587 311
588 409
589 328
590 339
591 344
592 924
593 647
594 646
595 792
596 643
597 921
598 641
600 639
601 637
602 106
604 917
605 784
606 915
607 914
608 113
609 627
610 780
612 118
613 777
614 776
616 616
617 774
619 906
620 129
621 609
622 131
623 605
624 604
625 602
627 764
630 762
631 897
632 591
633 590
634 151
635 585
636 893
637 583
638 753
639 158
640 161
641 750
642 574
643 166
644 746
645 886
646 745
647 564
648 3
649 561
650 5
651 181
652 183
653 552
654 186
655 546
656 878
657 877
658 541
659 197
660 200
661 728
662 727
663 19
664 526
665 871
666 213
667 23
668 219
669 999
670 223
671 716
672 997
673 234
674 497
675 994
676 492
677 993
678 250
679 252
680 254
681 473
682 40
683 854
684 43
685 988
686 454
687 697
688 290
689 49
690 692
691 51
692 413
693 324
694 385
695 378
696 58
697 682
698 681
699 680
700 677
701 976
702 975
703 67
704 973
705 834
706 833
707 667
708 970
710 663
711 77
712 827
713 659
714 825
715 965
716 653
717 87
718 651
719 649
720 819
722 644
723 959
724 958
725 638
726 956
727 955
728 633
729 631
730 953
731 110
732 951
733 625
734 623
735 117
736 801
737 947
738 798
739 797
740 610
741 128
742 606
743 941
744 603
745 939
746 599
747 788
748 594
749 143
750 147
751 783
752 934
753 781
755 778
756 159
757 162
758 570
759 927
760 772
761 771
762 560
763 769
764 557
766 550
767 547
768 544
769 542
770 196
771 536
772 757
773 204
774 755
775 212
777 910
778 514
779 510
780 505
781 231
782 743
783 494
784 241
785 739
786 251
787 735
788 7
789 467
790 732
791 10
792 894
793 14
794 293
795 430
796 422
797 325
798 351
799 360
803 711
805 881
806 880
807 704
808 703
809 701
810 875
812 873
813 695
814 45
815 870
816 48
817 867
818 686
819 54
820 55
821 863
822 60
825 857
826 66
827 856
828 668
829 72
830 664
832 661
833 658
834 657
835 654
836 998
837 843
838 648
839 996
840 645
841 94
842 640
843 836
844 101
846 632
847 629
848 987
849 624
852 618
854 122
855 980
856 127
857 132
858 977
859 135
860 138
862 142
863 809
864 586
865 152
866 155
867 578
868 966
869 572
870 964
871 963
872 562
873 962
874 960
875 182
876 790
877 957
878 787
879 786
880 535
881 201
882 782
883 950
884 949
885 218
886 512
887 775
888 773
889 498
890 943
891 245
892 248
893 478
894 763
895 937
896 760
897 935
898 288
899 440
900 754
901 751
902 326
903 365
904 747
905 744
907 741
908 740
909 737
910 2
911 919
912 733
913 731
915 726
917 911
918 17
919 909
920 717
922 714
924 27
926 899
928 898
929 895
930 698
931 42
932 891
934 890
935 888
936 887
937 53
938 56
939 59
941 879
942 64
945 70
946 874
947 660
948 78
949 656
950 655
952 88
953 864
954 862
955 642
956 859
957 635
958 634
959 630
961 853
962 622
963 849
965 846
966 845
967 842
968 841
969 839
970 600
971 598
973 589
974 148
976 830
977 577
979 165
980 566
981 172
982 174
983 555
984 817
985 549
986 813
987 539
988 990
989 529
990 528
991 522
992 214
993 983
994 226
995 232
996 795
997 240
998 482
999 476
1000 263
0 35
1 3
2 6
3 8
4 10
4 111
5 7
6 13
7 19
8 18
9 29
10 12
11 15
12 14
13 21
14 16
15 25
16 17
17 22
18 20
19 37
20 30
21 23
22 24
23 32
24 26
25 27
26 35
27 28
28 33
29 34
30 31
31 43
32 39
33 36
34 38
36 42
37 40
38 41
39 54
40 59
41 57
42 44
43 50
44 74
45 48
45 46
46 47
47 51
48 49
49 52
50 104
51 58
52 53
53 55
54 68
55 56
56 60
57 62
58 63
59 76
60 61
61 64
62 78
63 65
64 66
65 75
66 67
67 69
68 81
69 70
70 71
71 72
72 73
73 79
74 89
75 77
76 100
77 80
78 105
79 83
80 82
81 101
82 84
83 86
84 85
85 87
86 90
87 88
88 95
89 92
90 91
91 93
92 94
93 96
94 109
95 97
96 98
97 107
98 99
99 102
100 134
101 120
102 103
103 106
104 124
104 105
105 112
106 108
107 113
108 111
109 110
110 114
111 116
112 117
113 115
114 121
115 118
116 128
117 166
118 119
119 122
120 125
121 126
122 123
123 130
124 154
125 127
126 133
127 165
128 129
129 131
130 132
131 137
132 146
133 149
134 156
135 136
135 139
136 138
137 145
138 140
139 142
140 141
141 143
142 150
143 144
144 160
145 147
146 148
147 152
148 151
149 153
150 159
151 155
152 162
153 157
154 192
155 158
156 181
157 163
158 167
159 161
160 164
161 168
162 170
163 183
164 169
165 176
166 180
167 172
168 171
169 179
170 175
171 173
172 184
173 174
174 177
175 178
176 241
177 182
178 187
179 189
180 216
180 181
181 221
182 185
183 217
184 194
185 186
186 188
188 190
189 198
190 191
191 200
192 211
193 196
193 195
194 203
195 202
196 197
197 199
198 204
199 201
200 206
201 208
202 212
203 228
204 205
205 209
206 207
207 225
208 210
209 213
210 222
211 220
212 214
213 223
214 215
215 218
216 277
217 233
218 219
219 243
220 227
221 231
222 232
223 224
224 226
225 268
226 229
227 239
228 234
229 232
230 232
231 242
232 238
233 250
234 235
235 251
236 238
236 237
237 246
238 240
239 260
240 245
241 244
242 270
243 249
244 280
245 247
246 265
247 248
248 257
249 267
250 255
251 252
252 253
253 254
254 256
255 269
256 259
257 258
258 264
259 261
260 271
261 262
262 263
263 266
264 266
265 283
267 295
268 324
269 272
270 286
271 274
272 273
273 275
274 279
275 276
276 278
277 291
278 281
279 287
280 282
281 284
282 290
283 285
284 288
285 289
286 300
287 297
288 293
289 292
290 299
291 306
292 302
293 294
294 296
295 301
296 298
297 314
298 303
299 305
300 344
301 323
302 315
303 304
304 307
305 308
306 309
307 311
308 310
309 328
310 313
311 312
312 318
313 322
314 316
315 317
316 327
317 320
318 319
319 321
320 325
321 326
322 330
323 332
324 331
325 329
326 333
327 346
328 341
329 334
330 342
331 336
332 338
333 335
334 337
335 339
336 354
337 343
338 345
339 340
340 343
341 347
342 349
344 348
345 366
346 351
347 350
348 352
349 359
350 358
351 353
352 362
353 355
354 356
355 357
356 363
357 361
358 371
359 360
360 364
361 368
362 370
363 365
364 367
365 372
366 369
367 373
368 381
369 376
370 377
371 387
372 380
373 374
374 375
375 385
376 379
377 388
378 410
379 382
380 383
381 384
382 386
383 394
384 403
385 396
386 390
387 392
388 389
389 393
390 391
391 398
392 395
393 408
394 399
395 397
396 402
397 404
398 405
399 400
400 434
401 420
402 406
403 411
404 407
405 413
406 409
407 412
408 415
409 418
410 416
411 414
412 419
413 417
414 421
415 429
416 422
417 431
418 425
419 424
420 426
421 423
422 428
423 446
424 438
425 430
426 427
427 444
428 435
429 437
430 432
431 433
432 433
434 436
435 443
436 441
437 439
438 440
439 442
440 451
441 445
442 447
443 455
444 448
445 449
446 460
447 453
448 450
449 452
450 457
451 456
452 458
453 454
454 459
455 470
456 472
457 468
458 462
459 461
460 464
461 466
462 463
463 465
464 469
465 467
466 473
467 481
468 471
469 475
470 488
471 474
472 477
473 480
474 489
475 476
476 478
477 479
478 483
479 484
480 487
481 482
482 486
483 485
484 495
485 490
486 491
487 498
488 506
489 501
490 492
491 493
492 494
493 496
494 513
495 500
496 497
497 499
498 503
499 507
500 504
501 502
502 508
503 505
504 512
505 525
506 514
507 509
508 517
509 510
510 511
511 526
512 516
513 515
514 535
515 518
516 521
517 544
518 519
519 520
520 522
521 536
522 523
523 524
524 528
525 538
526 527
527 529
528 531
529 530
530 532
531 534
532 533
533 534
535 540
536 537
537 539
538 546
539 541
540 545
541 542
542 543
543 550
544 549
545 547
546 551
547 548
548 557
549 552
550 555
551 553
552 558
553 554
554 556
555 559
556 564
557 566
558 560
559 561
560 569
561 562
562 563
563 567
564 565
565 573
566 571
567 568
568 570
569 574
570 572
571 580
572 577
573 576
574 575
575 578
576 579
577 582
578 586
579 581
580 591
581 596
582 584
583 585
584 588
585 598
586 587
587 589
588 590
589 594
590 593
591 592
592 600
593 599
594 595
595 601
596 597
597 606
598 602
599 609
600 618
601 603
602 617
603 605
604 607
605 608
606 622
607 610
608 613
609 611
610 612
611 616
612 620
613 614
614 615
615 623
616 621
617 619
618 640
619 624
620 636
621 627
622 625
623 628
624 626
625 632
626 631
627 629
628 630
629 630
631 638
632 633
633 634
634 635
635 642
636 637
637 639
638 645
639 643
640 641
641 646
642 644
643 649
644 647
645 651
646 648
647 650
648 654
649 656
650 652
651 664
652 653
653 655
654 669
655 658
656 657
657 659
658 661
659 660
660 663
661 662
662 666
663 665
664 668
665 670
666 667
667 673
668 674
669 671
670 676
671 672
672 680
673 675
674 682
675 677
676 678
677 679
678 685
679 681
680 684
681 690
682 683
683 688
684 686
685 691
686 687
687 692
688 689
689 701
690 694
691 707
692 693
693 695
694 696
695 703
696 697
697 698
698 699
699 700
700 702
701 704
702 708
703 705
704 706
705 712
706 711
707 722
708 709
709 710
710 713
711 714
712 715
713 719
714 716
715 717
716 724
717 720
718 721
719 725
720 730
721 723
722 731
723 739
724 727
725 726
726 729
727 728
727 819
728 729
730 733
731 732
732 736
733 734
734 735
735 738
736 737
737 740
738 743
739 741
740 742
741 744
742 746
743 751
744 745
745 747
746 748
747 749
748 750
749 752
750 759
751 753
752 763
753 754
754 755
755 756
756 757
757 760
758 761
759 765
760 762
761 769
762 764
763 766
764 767
765 780
766 772
767 768
768 770
769 773
770 771
771 781
772 774
773 776
774 775
775 777
776 785
777 778
778 779
779 782
780 793
781 784
782 783
783 792
784 786
785 787
786 789
787 788
788 790
789 797
790 791
790 893
791 794
792 798
793 795
793 896
794 800
795 796
796 799
797 803
798 802
799 804
800 801
801 807
802 808
802 892
803 806
804 805
805 811
806 810
807 812
808 809
809 815
810 816
810 899
811 813
812 814
813 817
814 827
815 819
816 820
817 818
818 821
819 820
821 822
822 823
823 824
824 825
825 828
826 832
827 831
828 829
829 830
830 834
831 833
832 836
833 837
834 835
835 840
836 841
837 838
838 839
839 842
840 853
841 846
842 843
843 844
844 845
845 849
846 847
847 848
848 850
849 852
850 851
851 854
852 858
853 855
854 857
855 856
856 860
857 876
858 859
859 861
860 862
861 865
862 863
863 864
864 866
865 867
866 873
867 868
868 869
869 870
870 871
871 872
872 877
873 874
874 875
875 878
876 879
877 884
878 880
879 881
880 883
881 882
882 892
883 885
884 886
885 887
886 896
887 889
888 893
889 890
890 891
891 898
892 894
894 895
895 897
897 900
898 899
