100
0 0
-199 -171
-199 -169
-198 -173
-198 -168
-197 -174
-197 -168
-195 -174
-195 -168
-194 -175
-194 -174
-193 -176
-193 -175
-193 -169
-192 -176
-191 -169
-190 -177
-188 -178
-188 -169
-186 -168
-185 -179
-184 -167
-181 -179
-181 -167
-179 -168
-178 -169
-177 -178
-176 -170
-175 -173
-175 -172
-174 -174
-173 -174
-173 -173
-172 -177
-172 -172
-170 -172
-168 -175
-167 -172
-165 -173
-163 -170
-160 -168
-158 -167
-156 -166
-154 -166
-151 -167
-149 -168
-146 -168
-144 -168
-141 -168
-137 -167
-133 -165
-128 -162
-124 -159
-120 -155
-115 -151
-111 -148
-106 -146
-102 -145
-98 -145
-94 -144
-90 -144
-85 -143
-81 -141
-78 -138
-76 -134
-75 -130
-73 -127
-71 -124
-68 -122
-64 -119
-60 -116
-56 -112
-52 -109
-48 -106
-45 -102
-42 -99
-39 -96
-35 -92
-30 -89
-26 -86
-23 -82
-21 -78
-18 -73
-16 -67
-15 -60
-13 -54
-10 -49
-8 -43
-7 -38
-7 -34
-6 -29
-4 -25
-3 -21
-3 -17
-2 -13
-2 -10
-1 -7
-1 -5
0 -3
0 -1
0 99
1 2
1 3
2 4
3 5
4 6
5 7
6 8
7 10
8 13
9 10
9 12
11 12
11 14
13 15
14 16
15 18
16 17
17 20
18 19
19 21
20 22
21 23
22 26
23 24
24 25
25 27
27 29
28 32
28 29
30 31
31 32
31 33
32 34
34 35
35 37
36 37
37 38
38 39
39 40
40 41
41 42
42 43
43 44
44 45
45 46
46 47
47 48
48 49
49 50
50 51
51 52
52 53
53 54
54 55
55 56
56 57
57 58
58 59
59 60
60 61
61 62
62 63
63 64
64 65
65 66
66 67
67 68
68 69
69 70
70 71
71 72
72 73
73 74
74 75
75 76
76 77
77 78
78 79
79 80
80 81
81 82
82 83
83 84
84 85
85 86
86 87
87 88
88 89
89 90
90 91
91 92
92 93
93 94
94 95
95 96
96 97
97 98
98 99
