101
0 0
-1272 -526
-1258 -522
-1242 -531
-1228 -536
-1212 -537
-1201 -535
-1189 -535
-1171 -544
-1157 -548
-1145 -551
-1134 -560
-1128 -560
-1119 -562
-1117 -568
-1114 -598
-1113 -596
-1112 -574
-1109 -580
-1107 -600
-1106 -603
-1106 -587
-1101 -600
-1096 -604
-1095 -602
-1090 -604
-1084 -603
-1078 -603
-1069 -610
-1060 -606
-1055 -607
-1048 -609
-1038 -606
-1030 -605
-1018 -598
-1014 -590
-1000 -579
-990 -572
-975 -562
-963 -549
-948 -542
-938 -528
-921 -514
-905 -501
-890 -495
-870 -482
-854 -478
-831 -470
-805 -459
-780 -452
-755 -440
-727 -429
-705 -420
-684 -405
-661 -403
-631 -388
-615 -377
-592 -369
-570 -361
-546 -350
-521 -340
-497 -328
-469 -317
-442 -300
-421 -293
-394 -277
-373 -265
-353 -257
-335 -243
-316 -229
-298 -219
-281 -204
-262 -190
-246 -179
-227 -171
-210 -167
-189 -153
-169 -146
-156 -139
-139 -130
-127 -122
-109 -112
-95 -97
-86 -91
-74 -79
-67 -73
-56 -70
-50 -60
-41 -60
-38 -56
-31 -50
-24 -43
-13 -43
-9 -38
-9 -33
-9 -22
-8 -27
-3 -22
1 -2
2 -8
3 -16
0 98
1 2
2 3
3 4
4 5
5 6
6 7
7 8
8 9
9 10
10 11
11 12
12 13
13 14
14 17
15 19
15 16
17 18
18 21
19 22
19 20
19 21
22 24
23 25
23 24
25 26
26 27
27 28
28 29
29 30
30 31
31 32
32 33
33 34
34 35
35 36
36 37
37 38
38 39
39 40
40 41
41 42
42 43
43 44
44 45
45 46
46 47
47 48
48 49
49 50
50 51
51 52
52 53
53 54
54 55
55 56
56 57
57 58
58 59
59 60
60 61
61 62
62 63
63 64
64 65
65 66
66 67
67 68
68 69
69 70
70 71
71 72
72 73
73 74
74 75
75 76
76 77
77 78
78 79
79 80
80 81
81 82
82 83
83 84
84 85
85 86
86 87
87 88
88 89
89 90
90 91
91 92
92 93
93 94
94 96
95 97
95 96
97 100
98 99
99 100
