101
0 0
24 23
37 40
50 57
62 73
73 90
83 106
94 121
106 136
118 150
131 165
145 180
158 194
172 208
186 222
201 235
217 247
233 260
248 273
263 285
277 298
291 310
304 321
317 332
331 344
345 355
359 366
374 378
390 390
407 403
423 415
440 428
458 440
477 452
496 464
514 477
533 490
552 504
571 517
590 529
609 542
628 555
646 568
665 581
683 594
702 607
720 619
739 632
757 645
776 657
795 668
813 680
832 693
852 706
873 720
893 734
912 748
932 762
952 777
972 792
992 808
1012 824
1032 841
1053 858
1073 876
1093 894
1114 913
1135 931
1156 948
1176 966
1196 985
1215 1005
1233 1025
1250 1046
1267 1067
1284 1089
1302 1110
1321 1130
1340 1149
1358 1169
1376 1190
1393 1212
1409 1233
1425 1253
1442 1274
1458 1294
1473 1314
1488 1335
1502 1356
1515 1378
1529 1399
1543 1421
1556 1444
1568 1468
1579 1493
1591 1518
1604 1544
1618 1571
1631 1599
1644 1626
1658 1652
0 1
1 2
2 3
3 4
4 5
5 6
6 7
7 8
8 9
9 10
10 11
11 12
12 13
13 14
14 15
15 16
16 17
17 18
18 19
19 20
20 21
21 22
22 23
23 24
24 25
25 26
26 27
27 28
28 29
29 30
30 31
31 32
32 33
33 34
34 35
35 36
36 37
37 38
38 39
39 40
40 41
41 42
42 43
43 44
44 45
45 46
46 47
47 48
48 49
49 50
50 51
51 52
52 53
53 54
54 55
55 56
56 57
57 58
58 59
59 60
60 61
61 62
62 63
63 64
64 65
65 66
66 67
67 68
68 69
69 70
70 71
71 72
72 73
73 74
74 75
75 76
76 77
77 78
78 79
79 80
80 81
81 82
82 83
83 84
84 85
85 86
86 87
87 88
88 89
89 90
90 91
91 92
92 93
93 94
94 95
95 96
96 97
97 98
98 99
99 100
