100
0 0
-84 -159
-75 -156
-66 -152
-61 -147
-53 -137
-45 -127
-32 -115
-21 -101
-12 -88
-2 -74
1 2
3 7
7 -60
7 12
13 18
14 25
16 -46
17 31
19 33
24 -35
24 36
30 39
35 -21
35 44
41 49
43 -11
45 56
52 5
53 57
57 18
59 58
63 29
63 57
69 38
70 58
73 61
74 52
78 62
79 64
80 66
81 61
84 65
87 67
87 72
90 71
94 72
94 73
96 69
96 85
102 68
103 95
104 66
107 67
110 104
112 112
114 69
115 121
115 130
118 71
118 137
121 74
122 143
125 147
127 77
127 151
129 153
130 84
130 157
131 159
132 160
133 91
133 156
134 162
134 172
135 158
136 98
136 106
136 153
136 159
136 168
136 175
137 113
137 154
137 155
137 156
137 165
138 119
138 153
140 125
141 132
141 175
142 136
142 175
144 172
145 147
146 141
146 167
148 153
148 162
0 11
1 2
2 3
3 4
4 5
5 6
6 7
7 8
8 9
9 10
10 13
11 12
12 14
13 17
14 15
15 16
16 18
17 20
18 19
19 21
20 23
21 22
22 24
23 26
24 25
25 27
26 28
27 29
28 30
29 31
30 32
31 33
32 34
33 35
34 37
35 36
35 37
36 38
38 39
38 41
39 40
40 42
42 43
43 44
44 45
45 46
46 47
46 48
47 49
48 50
50 52
51 54
52 53
53 56
54 55
55 57
56 59
57 58
58 60
59 61
60 62
61 64
62 63
63 65
64 67
65 66
66 68
67 71
68 69
68 72
69 70
70 73
71 76
72 75
72 85
73 86
74 81
74 80
75 79
76 77
77 82
78 83
80 86
81 91
82 87
83 84
83 88
84 85
87 89
89 90
90 92
91 93
92 96
93 94
94 97
95 96
95 98
97 99
98 99
