86
0 0
-168 378
-168 380
-167 376
-165 374
-162 371
-157 368
-155 368
-152 368
-145 369
-141 369
-132 366
-121 350
-119 344
-117 339
-114 333
-110 326
-105 318
-97 301
-92 287
-83 272
-76 265
-67 258
-62 255
-56 253
-51 251
-45 249
-40 248
-35 246
-31 244
-29 133
-28 106
-28 118
-28 128
-28 242
-27 101
-26 91
-26 240
-25 84
-25 163
-25 238
-24 82
-24 171
-23 236
-22 81
-20 60
-20 63
-20 66
-20 79
-20 234
-19 57
-19 69
-19 76
-19 184
-18 71
-17 55
-17 189
-17 231
-15 193
-13 197
-12 202
-11 207
-11 218
-11 222
-11 225
-9 53
-6 50
-4 48
-1 42
1 38
4 3
4 31
5 27
7 4
7 23
8 20
9 18
10 4
11 15
12 5
13 6
13 14
15 8
15 12
16 9
16 10
0 70
1 3
1 2
3 4
4 5
5 6
6 7
7 8
8 9
9 10
10 11
11 12
12 13
13 14
14 15
15 16
16 17
17 18
18 19
19 20
20 21
21 22
22 23
23 24
24 25
25 26
26 27
27 28
28 29
29 34
30 33
30 39
31 35
31 32
32 33
34 37
35 36
36 38
37 40
38 41
39 42
40 43
41 44
42 53
43 49
44 48
45 50
45 46
46 47
47 51
48 52
49 57
50 55
51 54
52 54
53 56
55 65
56 58
57 64
58 59
59 60
60 61
61 62
62 63
63 64
65 66
66 67
67 68
68 69
69 71
70 73
71 72
72 74
73 77
74 75
75 76
76 78
77 79
78 81
79 80
80 82
81 83
82 84
83 85
84 85
