4097
0 0
-499981 -112433
-499826 150229
-499263 -432468
-499042 -445107
-498722 -91123
-498598 119423
-498386 414092
-497039 381531
-496903 -83638
-496868 22979
-496522 105254
-496506 66427
-496071 27428
-495834 497142
-495377 248490
-495345 -240838
-495104 414233
-494853 -135960
-493709 -479667
-493686 263441
-493586 467090
-493311 12095
-493256 97767
-492723 -476457
-492222 219839
-491864 86833
-491849 -381114
-491734 -383185
-491253 455353
-491240 136731
-491101 188386
-490918 80873
-489979 480826
-489743 23980
-489279 -145322
-489138 -474683
-488999 -367534
-488703 -53307
-488513 6270
-488507 -211574
-488442 -443680
-488036 302439
-487887 -397681
-487615 256716
-487398 -316946
-486787 -254432
-486737 418753
-486656 492145
-486559 496880
-486345 -237474
-485736 442378
-485602 37570
-485583 -478961
-485532 -142286
-485138 -175368
-485101 337334
-484409 21106
-484174 460677
-483875 -493867
-483840 290987
-483809 -242342
-483427 81625
-483343 17702
-482950 456398
-482834 104174
-482391 421174
-482390 346761
-482270 -143655
-482228 5394
-481971 455070
-481621 70989
-481127 205972
-480830 362539
-480668 -305527
-480408 186972
-480126 -188741
-479970 -240669
-479815 17515
-479661 4763
-479239 -444552
-479067 383925
-478820 -228280
-478458 -30326
-478224 -286349
-478211 -90788
-478067 353592
-478041 343243
-477919 -379058
-477637 11189
-477573 266545
-476863 -73878
-476605 -158140
-476311 320666
-475824 -486256
-475359 92391
-475168 386715
-475012 397700
-474251 -327389
-473918 -168655
-473401 255437
-473190 -340298
-473025 -387870
-472864 -380445
-472576 -328664
-472493 -308088
-472078 487352
-471898 4957
-471231 138218
-470877 -449297
-470486 -481009
-470462 42003
-470225 476470
-470148 275153
-469741 283648
-468911 -246055
-468907 -447939
-468246 -412441
-467995 -343465
-467994 -54889
-467665 256224
-467471 9134
-467135 -233743
-466706 87366
-466430 144343
-466329 51272
-465724 419085
-465391 -155270
-465386 408707
-464603 -439436
-464285 -133774
-464015 -300443
-463851 -309538
-463785 -168319
-463613 180203
-463578 -425122
-463538 142285
-463040 -381046
-462678 -186416
-462462 334161
-462272 -72476
-461271 30739
-460920 -446864
-460085 130195
-459576 -366928
-459292 142150
-459005 192609
-458920 417692
-458839 262575
-458397 -459603
-458322 76164
-458239 -299625
-458121 -290725
-458079 173028
-457915 168204
-457669 93739
-457646 440828
-457388 -84864
-457370 -81988
-457344 -450831
-457222 67808
-456630 471667
-456319 -139264
-456311 -116806
-455738 -7131
-454031 -11659
-453587 474369
-453389 -321516
-453281 -94321
-453204 -245599
-452869 356156
-452590 277001
-452572 461683
-452372 -27292
-452150 -173422
-451957 -222232
-451121 -31802
-451043 121753
-450987 464714
-450975 -31504
-450758 482080
-450592 213654
-450514 -420423
-450422 -258564
-450351 93389
-450314 -345368
-449993 -356350
-449808 293183
-449787 -366183
-449345 325699
-448998 174726
-448979 -381670
-448732 412306
-448570 440951
-448308 110596
-447402 -50689
-446535 118904
-446514 246148
-446309 72064
-446171 -410409
-446032 -40880
-445783 8589
-445249 -254236
-444824 78531
-444762 -463148
-444359 -400317
-444312 -482990
-444273 403610
-444271 -344352
-444254 331181
-443963 379054
-443759 136535
-443583 -497179
-443429 -441507
-443073 -149052
-443010 -416777
-442945 459202
-442682 -223575
-442587 305142
-442562 -374049
-442514 -121756
-442232 -370684
-441769 -226592
-441509 236984
-440910 406079
-440078 264596
-439908 97817
-439842 261700
-439535 -126990
-439335 396842
-438996 -1708
-438487 134468
-437922 159593
-437425 337282
-437100 -64219
-436991 -258015
-436399 245562
-435988 -76681
-435888 111915
-435755 -329359
-435500 -183929
-434989 -9498
-434297 112241
-433929 38653
-433813 183780
-433785 421525
-433692 345567
-433660 -1661
-433379 -15364
-432683 -227795
-432225 90998
-431798 144809
-431744 -470697
-430956 -101823
-430682 369297
-430234 -8339
-430168 294698
-429693 -280789
-429605 -365066
-429474 -190256
-429454 -469248
-429256 346554
-428970 -155166
-428667 369335
-428579 -323346
-428579 -279914
-428470 -20156
-427234 -339240
-427080 157516
-427026 -219591
-427009 -174126
-426729 -477296
-426715 -104903
-426542 111570
-426157 -405234
-425802 -13073
-425474 -290227
-425145 -236121
-424300 871
-424233 201622
-423735 28880
-423300 -436499
-423124 -29847
-423062 -282808
-422718 -78521
-422630 -417944
-421630 410364
-421564 -453789
-421398 -410625
-421030 304664
-420532 273559
-420397 -17037
-420242 268656
-420235 -61910
-420131 -246773
-419724 -40238
-419589 -177753
-419507 385779
-419477 36951
-419076 357326
-417882 -365971
-417838 -247100
-417833 483270
-417790 263205
-417696 489342
-417553 -186296
-417468 364740
-417366 -414456
-417322 442959
-416986 94611
-416935 315674
-416919 -64856
-416609 143862
-416428 -40945
-415980 -117282
-415853 -312354
-415404 204789
-415394 464886
-415384 -472090
-415251 475087
-414860 345155
-414680 250416
-414593 67495
-414592 144371
-414550 -156088
-414308 -231051
-414184 -265742
-413431 -280200
-413288 89803
-413177 -419031
-413154 98087
-413103 123164
-412806 429158
-412388 -260154
-412300 401403
-412237 -170280
-412124 -56709
-412078 208038
-412072 -211137
-411758 417100
-411635 136939
-411365 161617
-411343 440650
-411302 -356983
-411114 493154
-411088 -291325
-410774 -322850
-410547 100463
-409890 -260210
-409828 252899
-409825 -116241
-409613 98512
-409169 -221471
-408553 34132
-408234 -209090
-408137 279518
-408077 -181179
-408023 57520
-407643 17848
-407379 -440403
-407275 474020
-407192 96804
-406775 251517
-406756 420459
-406609 -125775
-406070 208456
-406011 -460706
-405599 -71393
-405147 -215278
-404860 182951
-404505 368721
-404476 418148
-404248 472389
-403941 122579
-403741 269552
-403646 364641
-403344 -391830
-403267 321875
-403100 -340196
-402424 379790
-402407 -305170
-402174 157360
-401930 36142
-401850 -325360
-401642 185706
-401356 467281
-400564 358683
-400426 -7972
-400376 149137
-400309 -421688
-400278 162604
-399923 15490
-399724 -263874
-399613 473159
-399151 246635
-398671 281706
-398629 325938
-398517 431780
-398444 268790
-398388 -242072
-398201 223825
-397866 422111
-397411 61726
-397282 224557
-396808 338742
-396523 -72264
-395846 328951
-395701 246264
-393914 227174
-393854 169999
-393315 89231
-392725 49593
-392714 450753
-392478 -42372
-392234 357066
-391666 -225917
-391236 226942
-391137 49544
-391011 -268410
-390852 177185
-390822 298397
-390810 -204645
-390035 229046
-389935 201512
-389892 -158702
-389152 -438744
-389117 299175
-388985 149481
-388409 -474148
-388264 4165
-388124 -379920
-387972 119886
-387944 395047
-387922 227333
-387728 163037
-387704 -58318
-387645 -340238
-386826 373155
-386782 213850
-386681 234075
-386254 -329054
-386149 348025
-386066 -207808
-385762 464226
-385458 -343117
-385109 -476315
-385038 489181
-384644 -255226
-383835 -181596
-383647 411886
-383586 -352353
-383544 -111932
-383464 -96413
-383413 -132815
-383376 162562
-383199 407385
-383181 -94022
-383004 256733
-382869 -402131
-382641 376693
-382576 158150
-382433 -382240
-382188 -219147
-381741 395101
-381464 299553
-380642 461547
-380634 363573
-380465 176634
-380194 -109289
-380141 -192196
-380093 -347206
-379948 -104570
-379882 353039
-378970 400630
-378853 -332276
-378441 497946
-378395 -211093
-377985 265474
-377843 -461840
-377820 -74830
-377424 -188233
-377206 -428989
-377136 146169
-377110 201557
-377016 79644
-376617 -251537
-376420 -292498
-376384 217029
-376289 482713
-375943 -275384
-375748 -265973
-375546 198440
-374379 -458028
-374043 478531
-374010 -313461
-373509 417507
-373391 -462441
-373073 25944
-372031 105747
-371887 -378542
-370988 -2639
-370898 -185485
-370441 93635
-370397 380404
-370065 434524
-369840 403309
-369719 -378132
-369206 -186713
-369092 124549
-368846 233565
-368645 226882
-368633 349967
-368558 368496
-368320 -494754
-368036 -188727
-367767 372363
-367634 -403703
-367561 282094
-367394 293192
-367309 300262
-366934 -218459
-366517 273278
-366198 197831
-366069 -146475
-365865 486440
-365814 162641
-365543 382995
-364905 165489
-364589 211673
-364516 -64551
-364439 -108490
-364184 -460245
-363934 152807
-363399 195088
-363186 372258
-363109 -300307
-363087 -24943
-362889 -480569
-362675 -132960
-362634 184434
-362271 -1053
-362127 125798
-361998 -37690
-361954 407289
-361571 201040
-361241 -389946
-360931 -111850
-360459 -174019
-360176 312172
-359328 -133102
-359251 189743
-358522 250612
-358400 386094
-358049 152303
-357688 -447493
-357671 274725
-357668 10669
-357396 -311674
-357096 -411388
-357041 -377723
-356991 350985
-356740 -226365
-356350 176538
-356245 -459586
-356105 -55246
-355977 -366163
-355804 -265421
-355689 364384
-355587 -97278
-355333 112676
-355233 -177947
-355191 -236983
-355096 269803
-355078 178889
-355031 -408478
-355023 -350885
-354780 84473
-354568 -170070
-354124 -203337
-354028 68786
-353921 453753
-353810 225527
-353377 -55147
-352895 -23599
-352893 -176978
-352543 -331364
-351760 494268
-351451 -100701
-350854 -100400
-350712 44012
-350328 419580
-350091 295157
-349648 -432852
-349300 -65409
-349161 102277
-349095 -392541
-348998 483534
-348939 -349524
-348656 256051
-348378 -118839
-347988 -21139
-347920 203070
-347681 17011
-347279 -112977
-347272 -413916
-347207 -109956
-347058 417197
-347041 -32810
-346976 482637
-346808 481597
-346713 385069
-346262 9201
-346124 343790
-346108 181049
-345965 -268699
-345941 129898
-345102 -373971
-344982 -305402
-344811 -156200
-344684 210004
-344565 -136032
-344461 430528
-344426 -470075
-344084 -233228
-343535 407466
-343429 -369840
-343217 -154563
-343144 -86558
-342955 -330518
-342493 120565
-342302 -153205
-341763 -292803
-341588 20056
-341435 -191063
-341390 448739
-341351 345554
-341245 -253273
-341231 284599
-340894 28036
-340812 309880
-339827 -271177
-339719 61569
-339554 -382223
-339187 -350490
-339165 -309542
-339161 -397749
-339040 94967
-338761 -434572
-337513 -232425
-337348 26603
-337204 -431606
-337091 375942
-337034 129455
-336676 -121849
-336546 219143
-336321 -474618
-336321 -397401
-336268 -467125
-336247 -87325
-336123 -271381
-335509 -208407
-335446 417585
-334631 184054
-334436 382007
-334279 495526
-334207 414692
-333611 39470
-333303 39222
-333074 26901
-332442 330537
-332218 -252100
-331799 -140547
-331334 142866
-331318 -127568
-331291 406852
-331073 266620
-330691 -354219
-330605 254406
-330292 43932
-330070 -143062
-329551 47706
-329083 381280
-328850 -206363
-328842 -420505
-328122 -201365
-327674 62625
-327289 -410718
-326997 -266405
-326945 31915
-326589 31214
-326569 -318518
-326349 -332890
-325798 313853
-325753 -335539
-325142 -143427
-324861 274809
-324754 -220920
-324621 491297
-324543 -296477
-324007 -229424
-323747 -464928
-323731 -398497
-323461 -251780
-323290 -287958
-323157 15175
-323142 -338688
-323021 356832
-322538 -71669
-322399 203475
-322338 -20825
-322338 488399
-322107 -488131
-322053 -66019
-321975 379913
-321431 32789
-321418 -392324
-321227 119525
-321113 -199832
-321069 295926
-320444 -29657
-320307 -64229
-320090 116012
-319690 483016
-319661 162228
-318794 -270622
-318324 -212260
-317854 -4363
-317617 -345008
-317367 -456379
-317326 -301606
-316819 311253
-315827 365404
-315811 -98661
-315771 26617
-315531 169019
-314664 -467561
-314457 365974
-314301 -108620
-313601 -298267
-313402 102500
-313336 134192
-313144 -45772
-312785 -315644
-312252 176692
-312132 299033
-312127 -4286
-311969 -481157
-311958 -290181
-310397 62331
-309931 -120424
-309744 -438451
-309623 124684
-309328 -357388
-308927 87404
-308539 -271130
-307880 451364
-307551 -343480
-306451 -194806
-306210 -265642
-306028 79949
-305762 -478375
-305637 -324594
-305551 -58120
-304674 417134
-304263 213918
-304028 22027
-303730 461716
-303474 -287177
-303298 -113786
-303022 -275578
-302785 -440346
-302538 173779
-302457 -133890
-302315 452973
-301373 -295928
-301373 446950
-301119 268499
-300761 487893
-300468 314213
-300248 69890
-300236 426613
-299655 -349806
-299631 56731
-299424 -43268
-299189 -258646
-299161 143814
-299053 463795
-299023 -320130
-298993 219489
-298538 445197
-298014 17707
-297725 -423706
-297665 440400
-297627 -163245
-297264 73257
-297088 228545
-295755 -406559
-295116 -292910
-295044 -47181
-294948 266327
-294616 454703
-294596 283037
-294301 -179809
-294095 120086
-294042 148242
-293494 112271
-293356 189397
-293354 -440176
-292761 -28488
-292750 -346524
-292732 -146640
-292726 -88896
-292486 -231612
-292460 202945
-292303 -401859
-292093 450377
-291784 -310717
-291701 -2734
-291268 57913
-290565 396081
-290560 -495083
-289518 421255
-289006 100143
-288678 -416069
-287931 101642
-287758 227183
-287553 217309
-287360 -20044
-287153 -333391
-287018 12743
-286969 -25457
-286551 208498
-286457 -205873
-286037 -153409
-285856 488434
-285376 -331260
-284968 246366
-284813 -315344
-284653 129720
-284152 -480524
-284093 -278047
-284083 -469325
-284082 262746
-283662 167536
-283417 333378
-283316 321305
-283272 -462941
-283113 239927
-282352 -72583
-282337 -149570
-282196 126426
-282012 370675
-281943 144708
-281692 -103046
-281467 179770
-281312 389970
-280800 417038
-280567 -202495
-280548 -308839
-280065 313667
-279871 -302201
-279656 343886
-279651 442726
-279488 -173232
-279202 -428636
-279167 422933
-278696 181
-278285 147625
-278163 -461912
-276695 -198644
-276605 491022
-276397 -397925
-276191 166857
-276067 412420
-275922 -125404
-275874 -398530
-275823 246384
-274957 130943
-274824 -20423
-274383 -362168
-273648 -407948
-273479 313113
-273251 -37476
-273072 425891
-272802 328754
-272572 352024
-272539 444888
-272052 223319
-271509 -356375
-271375 143269
-271133 256751
-270983 404778
-270918 -384933
-270490 -117818
-270468 -16637
-270353 -297551
-270083 203431
-269616 307204
-269486 -198290
-269400 -193365
-269183 -240494
-268818 -446413
-268499 -256118
-268475 -204596
-267909 413404
-267361 493743
-267132 350097
-266169 337341
-265773 -191666
-265718 -230131
-265619 -129783
-265221 -103117
-265152 95158
-264783 -2328
-264512 234840
-264417 -159698
-264382 126115
-263857 112507
-263306 57944
-263142 108386
-262560 -187909
-262075 -87672
-261201 -293693
-261166 253401
-261133 430482
-261031 -209015
-260922 67847
-260414 320298
-260309 -206663
-260210 -370175
-260068 -173295
-259760 -134746
-259728 -292985
-259470 -239915
-259210 102336
-258859 -58992
-258463 82457
-258434 382684
-258410 -89728
-258275 26432
-258186 22460
-258172 288211
-257939 207024
-257910 252175
-257872 -115824
-257505 349282
-257441 -44805
-257278 -33518
-257124 25410
-257066 102984
-256912 231966
-256602 254322
-256601 -427081
-256527 172424
-256385 -256627
-256370 -87812
-256361 -249121
-256029 414264
-255993 93724
-255470 -483299
-255385 138593
-255373 -145110
-255168 -272430
-255116 -140547
-255095 -383670
-254685 19615
-254610 -475629
-253864 -142308
-253762 -322938
-253756 -196700
-252878 131321
-252479 172480
-252478 387864
-252381 370105
-252035 -263171
-252030 -56659
-250637 -186329
-250609 -464630
-250500 493437
-250254 -407983
-249639 104648
-249452 -89852
-249408 384096
-249404 -411263
-249166 -1366
-248680 -89268
-248336 52745
-248274 -421002
-248018 443705
-247607 458968
-245863 -40025
-245612 -103238
-245375 -416886
-245047 161944
-244716 -222622
-244445 -51132
-243995 271663
-243586 447593
-243289 179019
-243255 -125973
-243178 -150879
-243115 -145756
-242437 311855
-242406 368186
-242299 -193182
-242060 -443786
-241746 108622
-241583 -103824
-241571 -149951
-241322 275445
-241222 156536
-241030 -439745
-240887 -195732
-239899 370595
-239811 413528
-239516 -168916
-239354 353314
-239061 421731
-239015 361020
-238900 193438
-238692 -395349
-238582 -187179
-238503 148033
-238394 -85462
-238083 299855
-237737 -136326
-236981 283201
-236878 401665
-236669 105044
-236235 -383711
-236235 338974
-235950 -373088
-235830 83468
-235625 -289730
-235597 465654
-235199 486368
-235171 491397
-235034 -359113
-234629 -498299
-234408 209121
-234124 213107
-234103 154689
-234062 478785
-233758 384216
-233035 -1824
-231917 237027
-231644 -63240
-231566 -203637
-231522 -378742
-230759 240106
-230674 220187
-230018 -447904
-229910 -190039
-229493 29102
-229407 132856
-229163 295466
-228698 68007
-228463 11382
-228431 -190736
-228236 -227109
-227895 348625
-227889 25292
-227331 -210916
-225874 498526
-225551 56403
-225455 499465
-225161 204152
-225066 435474
-224923 469765
-224505 205678
-224352 421981
-224290 196526
-224048 -218901
-223976 -355185
-223917 64095
-223855 241954
-223835 1368
-223445 -152377
-223242 -251291
-223142 162644
-222573 70490
-221904 416617
-221758 -63442
-220460 190546
-220344 -308519
-220260 -123092
-220198 -290376
-220084 349027
-219848 -66721
-219496 -335593
-219493 -27439
-219355 404088
-218779 -44695
-218498 -77308
-217807 -184023
-217347 -198172
-216992 477421
-216982 79682
-216330 -436116
-215903 -389474
-215863 -22677
-215787 331962
-215487 494199
-215397 -237221
-215324 186660
-215006 -346476
-214834 31088
-214634 257942
-213655 -78170
-213475 -236880
-213436 68229
-213348 152079
-213258 -310048
-213232 -67443
-212984 -305778
-212825 469569
-212783 142489
-212735 457545
-212461 335890
-212103 -488145
-211593 -152775
-211110 200121
-211052 485942
-211002 479180
-210817 -17432
-210638 262461
-210552 -177798
-210308 38949
-210202 -81375
-209704 -205899
-208824 52100
-208737 -34008
-208676 206733
-208676 236255
-208651 -358850
-207971 -379162
-207827 -166462
-207052 135267
-206700 477038
-206443 276851
-206209 337332
-206054 -351082
-205937 -193377
-205451 94576
-205375 -487170
-204618 -107646
-204511 -295439
-204488 327408
-204355 -56132
-204087 -133271
-203770 28201
-203721 -326507
-203561 485371
-203544 -118996
-203353 43782
-202873 -335758
-202698 -460801
-202362 -457071
-202201 -174019
-202057 -220647
-202049 -18602
-201962 375360
-201948 24520
-201147 126136
-201127 -405972
-200885 345404
-200720 400722
-200172 487011
-199829 267453
-199796 -380529
-199573 -166981
-199193 -72218
-199179 456453
-198450 -46342
-198140 189932
-197557 379318
-197498 -128567
-196802 332850
-196546 -444094
-196369 -59645
-196184 428239
-196141 -263196
-196019 -375647
-195178 282128
-195038 -151665
-194930 -366945
-194823 -397351
-194498 386736
-194290 437835
-193758 -6540
-193237 -132616
-193127 80124
-192929 491585
-192855 -444582
-192802 494946
-192772 236180
-192676 -346701
-192394 116858
-192221 477274
-192215 -7667
-191941 211323
-191885 -347135
-191565 203989
-191437 -36710
-191408 -437057
-191227 281829
-191195 308868
-190824 -312514
-190581 132744
-189681 -472306
-189272 -450925
-189165 314528
-189122 -20458
-188959 5269
-188878 4960
-188867 352907
-188672 -395134
-188505 354150
-188352 -307242
-188242 -214701
-188194 364366
-187996 11865
-187902 497460
-187866 90278
-187707 111284
-187405 171291
-187289 -324787
-187162 -185427
-187044 422312
-186520 177617
-186297 64750
-185860 61738
-185668 409556
-185543 213755
-185134 330093
-184607 -129474
-184603 256757
-184499 -311449
-184435 -276982
-184316 -37054
-184284 -51957
-183738 -252495
-183626 -22065
-183251 -94120
-182826 -223135
-182521 -322651
-182365 407747
-182295 -109992
-181704 -90400
-180742 441714
-180603 24035
-180327 20911
-179809 -421886
-179666 189343
-179634 -370229
-179141 -76865
-179133 -279211
-179010 -233019
-178982 455254
-178790 -68714
-178488 255028
-178433 467858
-178407 18057
-178402 -386681
-178245 -292127
-177932 495167
-177928 283899
-177551 430019
-177379 -451959
-177357 -108053
-177277 5452
-177126 265099
-176398 85340
-176383 -268624
-176132 -391124
-175698 315777
-174938 -328584
-174868 -159614
-173961 47408
-173842 -434368
-173799 234884
-173299 111662
-173113 393879
-172862 238332
-172411 75303
-172232 306249
-172079 476229
-171386 175201
-171137 -196733
-170857 317359
-170500 499199
-170483 416712
-170382 258207
-170236 24439
-170011 298432
-169934 103599
-169423 306133
-168926 -27755
-168899 63172
-168474 -144607
-167804 145163
-167759 -49999
-167611 175705
-167285 -123554
-167233 282050
-167105 392138
-166750 444502
-166541 -130429
-165949 413683
-165794 -422341
-165523 102486
-165181 -28516
-164832 -414631
-164715 172016
-164351 -113823
-164314 488830
-163463 -289930
-163448 -206065
-163266 -33640
-162714 104767
-162471 406471
-162014 93939
-161910 190912
-161836 -87441
-161717 69972
-161665 -185432
-161596 -205203
-161574 -168021
-161352 36345
-161262 -197894
-161161 -414950
-161104 439597
-160985 325488
-160869 -127612
-160682 258027
-159991 2846
-159794 16549
-159587 347537
-159473 -335565
-159458 255150
-159448 -45420
-159089 427470
-159086 -24013
-159037 65880
-159010 186185
-158691 106134
-158427 -237305
-158223 422235
-158193 32527
-157660 -31683
-157298 175270
-157292 228172
-157225 99414
-156942 -489989
-156879 -75528
-156638 -415663
-156517 -25844
-156343 -102731
-156270 -429327
-156070 291437
-155866 -430003
-155791 353037
-155099 95503
-154990 -470799
-154820 35119
-154431 496540
-154146 -437946
-153935 -337805
-153251 37705
-152888 479239
-152880 -221575
-152716 311161
-152530 -122102
-152438 45280
-152361 91417
-151684 262671
-151216 -236234
-151161 89804
-151098 332318
-151095 171660
-150908 132736
-150507 124830
-150281 -7649
-150260 374008
-150223 344053
-150121 -45904
-149959 133400
-149244 406113
-149171 424255
-149011 490740
-148844 -442895
-148644 -143578
-148506 -223465
-148364 159897
-148259 -468243
-147561 -310224
-147542 280806
-147529 -147224
-146781 64636
-146595 312106
-146576 61000
-146021 76510
-145848 472255
-145631 473878
-145591 -365043
-145531 357583
-144916 452111
-144793 225492
-143719 -366651
-143591 118356
-143532 -52461
-143312 -154988
-143206 -119710
-142695 -204158
-142603 296615
-142284 -67582
-142172 -415186
-142125 -486075
-142121 -127490
-142020 416628
-141949 391996
-141778 59894
-141566 133799
-141513 -343285
-141094 -41666
-140952 -305799
-140898 -160527
-140832 52656
-140593 407854
-140285 -316715
-140001 156639
-139919 -433664
-139908 -136826
-139507 100308
-139327 -226465
-139230 -128226
-138947 163332
-138898 -317301
-138829 -319773
-138795 -212450
-138694 -226804
-138682 306122
-138142 207530
-137697 -239509
-137586 -154490
-136330 411506
-136323 472213
-136202 461312
-135742 -153048
-135364 340110
-135209 -482184
-135094 -210806
-134916 295353
-134672 464150
-134160 497773
-134135 130145
-133734 -22079
-133253 55949
-133086 90567
-133073 -371928
-132883 397551
-132831 -309395
-132649 98882
-132392 -202745
-131793 -26324
-131681 491706
-130122 327919
-130049 -21472
-129617 -266637
-129360 122135
-128994 105456
-128947 193426
-128078 -221347
-127650 266203
-127275 -416202
-127016 -30142
-126799 -433061
-126287 -409306
-126042 458561
-126016 139647
-125935 13618
-125818 -88839
-125737 -246217
-125522 119610
-125389 353972
-124748 -446564
-124610 -34162
-124334 315373
-123702 225135
-123632 -402682
-123210 259210
-123177 -392720
-122859 -225754
-122839 -206333
-122653 365232
-122495 217478
-122203 367603
-122066 -209888
-121142 -245328
-120799 -469106
-120455 14210
-120353 -71675
-120278 -433081
-120115 407000
-119851 372023
-119438 226191
-119005 111276
-118537 384453
-118454 370843
-117789 -275855
-117555 347534
-117374 378896
-117217 -102371
-117051 -145397
-117017 10141
-117001 122301
-116610 204757
-116480 -153648
-115679 -317530
-115512 -31986
-115453 -150408
-115176 192853
-114606 -218572
-114596 -395066
-114113 244510
-113918 17781
-113368 187548
-112941 456574
-112141 182490
-111882 -174632
-111646 -123650
-111150 -410773
-110402 188515
-109726 120605
-109462 -223771
-109151 249808
-108721 -361807
-108421 429502
-107945 177081
-107896 -146454
-107888 398760
-107639 -199129
-106879 342589
-106839 -395495
-106760 -288420
-106450 496936
-106229 246635
-105959 205199
-105374 -403326
-105169 154785
-105031 -172928
-104746 38022
-104717 -83027
-104329 122110
-104177 -462511
-104170 8844
-103744 -377478
-103657 475922
-103453 -276578
-103330 -5722
-103191 -406198
-103153 -69300
-103131 -406869
-103056 414898
-102867 -301680
-102825 -151096
-101806 76905
-101678 -446293
-101668 18337
-101211 260134
-100954 53536
-100178 86246
-99848 111750
-99614 252213
-99411 210641
-99068 118916
-98959 455852
-98922 62208
-98052 -122582
-97430 -3501
-97266 -72219
-97102 -60610
-96771 -405648
-96387 -67412
-96020 35144
-95119 -378125
-94728 315513
-94496 -411888
-94409 -425513
-94328 -462059
-94209 -71833
-93807 51484
-93226 -161951
-92424 -307698
-91735 -103008
-91108 -65583
-91079 -406318
-90915 323508
-90780 464105
-89513 463944
-89358 389619
-89290 -72015
-89029 -164608
-89000 -91471
-88537 -257114
-88449 -186805
-88215 461016
-88210 -151123
-88121 356421
-88007 183092
-87885 -324105
-86061 -352487
-85975 -98873
-85568 -494586
-85558 471046
-85409 -267748
-85337 213090
-85013 300586
-84762 -118940
-84587 378975
-84350 415471
-84150 -284253
-83972 14855
-83968 -399926
-83916 117689
-83569 453259
-83514 -36714
-83238 -325200
-83109 151334
-82912 117009
-82711 -284175
-82571 105436
-82448 -62970
-82383 -79710
-82181 -100659
-82087 6825
-81633 453275
-81482 -321273
-81300 271756
-80510 -316599
-80413 -30306
-79894 -87387
-79697 483887
-79690 -473592
-79613 367077
-79538 96696
-79346 -218654
-79213 -12365
-79113 219671
-78776 -397338
-78372 -50690
-78358 -448533
-77895 -385124
-77585 32579
-77486 -363557
-77309 -378035
-77304 -20425
-77250 -13141
-76991 454380
-76990 113203
-76917 311468
-76734 -451052
-76684 -283621
-76183 474934
-76012 59938
-75867 373578
-75342 283232
-74587 494556
-74349 -88757
-73660 -58797
-73647 392272
-73494 -386210
-73447 330918
-73228 -174415
-72934 -243698
-72537 306616
-72509 293292
-72357 -452251
-72323 329002
-72085 -213250
-71982 115652
-71842 -185659
-71815 204361
-71743 -376557
-71500 158866
-71192 104887
-71001 305375
-70537 391692
-70436 21884
-70322 314344
-70133 -231134
-70101 -494265
-70075 -408776
-70057 219051
-70032 321897
-69692 -22232
-69504 -100997
-69373 -315918
-69303 -202449
-69157 59012
-68220 931
-67906 273999
-67647 -44360
-67493 -351075
-67382 -375590
-66831 190274
-66370 257224
-65744 -366468
-65233 356607
-64679 -339512
-64601 225365
-64453 -442796
-64453 48433
-64444 302656
-64397 420482
-64355 437183
-64328 -372247
-63940 -126098
-63827 -28409
-63448 344016
-63311 -190674
-63066 -87886
-63065 -222989
-62811 -22473
-62539 -474805
-62400 -353518
-62364 -57648
-62267 -45058
-62135 -56262
-61745 -302894
-61624 -271558
-61434 78028
-61229 477384
-61083 -239363
-60745 253674
-60711 479278
-60644 480390
-60373 -80338
-59986 -142477
-59298 381779
-59052 114866
-58884 -888
-58666 -470474
-58623 388114
-58397 4777
-58090 -59353
-57837 195108
-57728 -201355
-57268 -303059
-57212 -385497
-57045 -85742
-57031 -94478
-56889 422981
-56719 74920
-56607 -69090
-55837 493403
-55808 174092
-55599 205051
-55566 -398499
-55403 -290880
-55260 11831
-54562 -390622
-54036 -210619
-53935 -172449
-53328 -230355
-53285 -249822
-53215 -237813
-53033 175269
-52988 -166692
-52749 -358995
-52509 -371762
-52196 -441869
-51676 199649
-51663 28892
-51591 -433067
-51427 -311616
-51203 -417580
-51021 -133397
-50345 -234557
-50243 -126586
-50170 -411376
-50079 -297275
-50026 -248146
-49726 -16600
-49613 159379
-49364 -341997
-49324 -452007
-49324 -257576
-49116 397531
-49048 -411854
-48978 216716
-48919 194706
-48551 80155
-48494 -301822
-47934 -367904
-47763 -108587
-47450 380223
-47390 111660
-47052 -118786
-46963 -147467
-46929 172760
-46928 24690
-46896 -417374
-46885 147248
-46534 -159488
-46404 -332078
-46117 56924
-45488 390984
-45100 326571
-45049 -40068
-44642 276105
-44447 292000
-44290 -96422
-44107 -63930
-44073 -128192
-43773 387335
-43616 -257407
-43592 43929
-43527 -470780
-43348 48894
-43302 291744
-43300 101583
-43189 258270
-42758 -449390
-42515 138145
-42127 -264230
-42004 -114445
-41856 -153614
-41195 -408723
-41156 -259691
-41060 -38422
-40765 -336378
-40554 -126174
-40534 17663
-40504 -169634
-40371 -315637
-40221 290520
-39922 -29478
-39842 231113
-39003 -72352
-38790 -182051
-38780 -230844
-37278 219527
-37260 239373
-37182 -9518
-37088 299025
-36963 -478429
-36775 -327332
-36533 -147883
-35328 358114
-35283 -332807
-34474 416673
-34357 434847
-34215 214974
-34030 -110632
-33537 -222255
-32839 108693
-32792 427802
-32633 -359759
-32092 -240698
-31892 -469224
-31621 95471
-31521 -75370
-31190 361872
-31123 -16642
-30781 337344
-30348 261683
-30215 148459
-30078 -198494
-29933 -215151
-29528 -5813
-29245 -69551
-28800 3081
-28622 -29920
-28532 -340569
-28378 -245296
-28340 278507
-28033 -190785
-27812 230344
-27770 271089
-27699 -129017
-27698 401491
-27473 -481479
-27368 452944
-27229 -324633
-26846 -390888
-26587 316179
-26388 166617
-26200 -302636
-25987 434405
-25921 169836
-25886 -125388
-25717 -55755
-25619 -421983
-25506 325515
-25435 337037
-25115 -47277
-24993 -347080
-24804 412088
-24685 -301990
-24543 358511
-23940 -639
-23615 163965
-23604 237913
-23285 200160
-23026 87127
-22940 475989
-22725 222649
-22671 399691
-22163 399424
-21516 75066
-21341 108665
-21244 179363
-21178 250159
-21047 -335447
-20839 -95895
-20818 15669
-20742 332066
-20076 64885
-19103 233777
-18586 197764
-18505 221446
-18461 145417
-18302 179049
-18096 -368399
-17712 257457
-17522 -141934
-17196 -211969
-17116 179853
-17051 16529
-16903 325689
-16610 116734
-16123 86385
-15963 -434143
-15953 386313
-15904 111241
-15816 308556
-15572 78302
-15366 199726
-15361 379957
-15151 -147139
-15008 367973
-14944 331358
-14894 -451232
-14749 32916
-14579 -223081
-14489 -38483
-13803 350821
-13408 -9163
-13158 -348467
-13036 -22299
-12615 491150
-12516 -296015
-12495 -152499
-12202 -220806
-11877 251352
-11827 1372
-11751 -425303
-11010 -169942
-10932 331564
-10793 404077
-10624 327091
-10461 34510
-9915 226626
-8751 12800
-8662 -149314
-8662 154958
-8213 -311472
-7865 -223223
-7864 401994
-7551 -162328
-7077 382231
-7046 -490853
-6638 108040
-6254 479988
-6210 -331137
-6140 -339169
-5859 -124932
-5360 -43289
-5181 -236213
-4818 -35477
-4590 -480364
-4316 85846
-3910 -96673
-3195 427371
-2865 -25955
-2839 78521
-2768 440984
-2765 -456959
-2683 -11355
-2615 171701
-2600 -263685
-2249 245730
-2151 341720
-2035 -421682
-1393 114953
-1296 -171538
-1183 -362636
-1158 212248
-1086 64463
-891 -236721
-478 -211697
-458 246755
281 277629
624 -261165
780 -314028
1084 141429
1828 -242028
2561 239402
3353 376326
4377 178487
4673 67852
4841 -263310
4893 78887
5036 -304339
5230 412167
5231 64933
5348 196484
5842 314822
6406 -172389
6508 -380178
6557 403309
6601 366821
6669 -435538
6686 491546
6734 87845
7091 459323
7425 -133934
7627 98275
7784 -113417
7983 320687
8090 -221754
8210 -340623
8461 -354710
8561 332618
8783 -315270
8814 155576
9241 499793
9375 138043
9697 -42106
9866 319753
9936 -216239
10152 -309303
10294 -325357
10389 -17142
10468 36882
10685 258097
10774 406659
10854 102722
10897 187013
11424 131671
11507 -496793
11557 -237446
12148 -292321
12517 -448005
12640 495552
12707 323279
12857 180066
13115 -288599
13233 82344
13310 290218
13322 401488
13696 -484137
14091 116360
14248 -1297
14460 276450
14519 -300033
14659 106419
14977 411751
15054 -457437
15206 -404595
15421 -125068
16065 -242192
16526 -427221
17011 -191199
17265 -243404
17353 321252
17496 -186710
17501 -9943
17817 225880
17958 -24974
17997 -78600
18132 -245800
18702 223813
18953 -9406
19363 -123144
19364 -69115
19412 306816
19461 359117
20068 262063
20116 366480
20295 260987
20659 282614
20748 399761
20813 -482506
21428 34658
22456 233448
23113 217135
23372 415475
23389 -430396
23548 -46481
23890 136061
24110 217991
24265 74626
24497 78017
24504 279721
24720 -366537
25094 119223
25611 -491381
25745 -35322
25784 -472817
26103 117759
26380 206410
26399 -139170
27002 372001
28195 365842
28936 135212
29084 308368
29229 291608
29557 -285497
29604 142817
29613 -132561
29997 -228026
30301 374108
30532 -176804
30819 148372
31092 -401706
31387 460512
31989 111982
32274 311236
32331 357750
32335 -332810
32799 92906
32845 -436333
32875 -390434
33149 279274
33545 -497883
33557 302167
33722 -340287
33746 29272
33883 309351
33940 483610
33944 -348380
34108 24090
34355 478708
34647 158236
34866 287725
35425 -164120
35539 -419182
35636 -371781
35801 158892
35949 237334
35976 -104597
36011 478497
36081 -251935
36112 118166
36936 181514
37035 -262994
37065 376811
37827 -329477
37944 62641
38018 -48534
39175 443716
39209 4896
39347 -47849
39478 -320313
39785 242550
39794 -220635
40058 -421176
40479 -59227
40482 -114549
40498 115333
40835 -209357
41029 -160601
41031 -393741
41235 -240085
41263 83709
41384 183560
41443 -73706
41951 -234946
42152 316530
42302 33949
42751 457571
42812 80508
42901 124711
43050 282306
43497 -414419
43895 453629
44234 -467995
44605 -25936
44744 390879
45083 -18806
45720 114769
45938 -324712
46027 -387966
46076 31964
46089 264744
46637 477193
47007 -6825
47060 238293
47669 61177
47970 20551
48204 480117
48478 1454
48604 135801
48631 351025
48646 9649
48905 498707
49084 320192
49095 -460356
49399 -497493
49399 -125637
49406 -473396
49506 95982
49562 -115341
49773 50717
50565 -344349
50640 -485777
51155 151953
51161 469708
51530 420206
51860 -127046
52106 52649
52336 173044
52493 -384376
52805 -190574
53129 -334364
53298 459302
53524 -454577
53527 54883
53961 -244842
54389 -14161
54473 -196214
55090 959
55276 184690
56184 -327360
56215 -91536
56321 -411366
56390 449864
56743 126980
57416 -130029
57619 -98675
58038 -380613
58252 461604
58797 -158437
59412 -2152
59446 -382222
59678 34493
60963 12380
61019 -484838
61152 -346546
61947 -412226
62254 270039
62373 171930
62375 491484
62457 -390127
63002 470283
63368 -122510
63382 264632
63636 72939
63701 257177
63767 193809
64035 -312722
64240 70159
64842 -412438
64994 21464
65276 -434866
65542 195489
65645 -118312
65960 -83726
66023 344314
66243 461601
66353 -234034
66772 449622
66955 -250042
66997 -471091
67020 -68569
67326 295187
67445 -410336
67466 372355
67703 176242
67953 -11406
67976 134645
68170 -152814
68418 180507
68457 180203
68704 -295282
69380 -112122
69602 -483878
69627 -194845
70079 332802
70379 -254737
70413 174698
70776 -445736
71092 106999
71226 290130
71363 415006
71667 304390
72359 -4095
72439 437873
72944 -321491
73274 375608
73623 456468
73684 106653
73828 469299
74167 270890
74429 -446048
74475 401656
75484 316739
75547 333957
75552 -397559
75755 -496483
76326 -468429
76503 301460
76529 -179926
77036 412552
77388 -28517
78187 259227
78405 356310
78517 186939
78660 451423
78747 126344
79237 483115
79269 215944
79441 103170
79585 -343560
79856 407472
80042 273865
80427 -76380
81550 463442
81639 85851
81753 -425383
82239 -263051
82461 298764
82690 -328296
82745 -84343
82751 473454
83092 253671
83251 392515
83781 425186
83804 145773
83809 234718
84618 193644
84672 174720
85112 305622
85114 437053
85320 -156363
85518 62030
85609 439785
86403 240530
86730 194995
87070 -251172
87070 -231597
87207 433790
87355 470087
87743 438829
87763 -392218
87859 477557
88382 188457
88417 -132079
88788 369206
88853 -231617
89451 -101267
89454 499592
89571 278866
89916 -15015
90185 -396340
90413 -356261
90601 -303468
91204 345080
91284 459916
91292 230359
91655 -271180
91769 -66215
91783 283647
92197 -142125
92211 138617
92471 -444570
92566 -58896
92580 -472751
92597 375357
92863 -224940
93525 446269
94018 30342
94207 245019
94277 185667
94370 -472759
94670 -193336
94736 -332884
95400 -17198
95863 47414
96033 470246
96053 265259
96133 158602
96157 100656
96231 223317
96307 458772
96322 292417
96353 -138273
96599 254750
96648 -37803
96825 -410313
96891 249552
97685 -227827
98130 -422784
98404 -182607
98570 -277608
98724 -178006
98950 -70372
98994 447748
99012 -200440
99343 -141011
99665 -246957
100000 -171950
100001 37872
100143 387836
100212 281212
100388 334459
100486 56476
100511 320897
100788 334658
100970 -491921
101216 63387
101522 177319
101592 369514
102065 264198
102290 320951
102448 353409
102502 -464972
102813 126281
103116 -283092
104368 18444
104370 49816
104834 -389417
105270 -34488
105454 -78577
105534 386818
105627 -49323
106266 -199290
106320 -289025
106459 146596
106740 -308574
106972 58665
106983 -481267
108356 -453659
108515 -468775
108610 326259
108766 93452
108811 -394591
109450 -250127
109977 -439289
110038 305096
110041 -109594
110503 408258
110749 50444
111072 -288227
111602 -304687
111638 -287264
112391 114403
112596 -60831
113014 -145583
113167 128637
113633 -296387
114193 64443
114633 -160381
114785 239750
115096 318728
115170 42495
115763 -128612
115796 -235115
115870 -499593
116165 171695
116249 -254512
116508 -302291
116544 68592
116622 -462912
116705 -337876
116762 -100293
116979 -352795
117113 419307
117256 403032
117654 -243618
117668 -256949
117760 -406317
117769 -149675
117911 40230
118011 100500
118059 -399435
118261 -439897
118275 -412067
118412 491356
118713 236086
119003 456807
119574 -304943
119763 -130349
120179 422694
120484 -371755
120685 -235900
121013 -122795
121050 97024
121204 23917
121551 29527
121660 308461
122014 -260404
122050 -431260
122373 -217788
122584 -423282
122621 465936
122625 111626
122729 24003
122801 -365839
122864 52720
123276 267742
123286 -441989
123337 -374877
123405 -459716
124085 -321376
124121 -300668
124622 287298
125128 -27462
125406 -29770
125642 96452
126145 358445
126148 337276
126340 14673
126865 134174
126990 -323523
127409 -13305
127935 -415284
128004 309983
128043 143146
128076 -73957
128261 68794
128333 -304172
128364 -199711
128579 -405571
128718 -13902
128760 145491
129340 132005
129354 -472506
129355 -69211
129585 -358032
129774 -58624
129914 373575
130005 411140
130053 -468556
130435 -341752
130438 458527
130462 -337224
130586 21300
130732 -426059
130756 -132799
131010 305598
131633 -52828
131884 403760
132060 370206
132420 275552
132832 30774
133106 308548
133176 165620
133256 280794
133346 -34686
133682 321533
134093 491842
134158 -45050
134362 376002
134400 -55475
134442 179590
134606 391215
134698 168448
135092 -215096
135547 -8090
135630 -360212
135783 -91532
136219 300115
136493 373570
137056 263437
137489 334319
137749 375612
138170 465129
138237 173818
138613 -186701
138656 -292048
138825 458402
139134 -206149
139350 -421301
139461 488138
139659 -202168
140105 438787
140238 -127933
140287 -483100
140622 160548
141067 -334640
141133 -487990
142054 -328388
142200 402075
142335 -181757
142551 -185773
143008 178650
143020 -274117
143042 434064
143164 60958
143388 486261
143629 196070
143870 -425423
144315 22943
144613 151703
144943 211920
145024 85271
145107 29992
145396 -286898
145431 18165
145643 415545
146029 320438
146150 161462
146552 305074
146701 136237
146747 -31456
147196 28350
147346 413950
147586 -369772
148113 -274778
148205 80907
148409 71446
148556 41440
148977 -80054
149160 163919
149314 202056
149440 246516
149747 -48228
149790 -454231
149822 -358206
150450 232444
150550 120526
151293 -394438
151691 -188951
152052 284718
153246 8875
153271 279237
153547 96415
153884 439367
154092 99400
154711 296190
154811 419749
155412 -11974
155494 -17168
156388 -236302
156722 450644
157024 -96822
157099 -230530
157105 289953
157274 -304455
157600 300304
157846 -128724
158343 410004
159070 116380
159073 -217970
159775 -469319
160380 -470140
161526 287485
162077 -335721
162116 162523
162147 427801
162405 -35141
162554 88566
163323 -257505
163409 -87949
163615 209972
163890 -11894
164106 377179
164401 322386
165405 -216315
165565 85197
165763 117575
166031 -378792
166349 24912
166603 -208386
167010 103493
167428 260836
167721 137932
167822 201870
168301 380008
168710 290909
169867 472120
169969 109666
170130 291172
170152 326910
170221 -422604
170535 -412791
170917 -5356
170991 199045
171001 176974
171872 24479
172253 342749
172347 -400517
172553 -90043
172799 58130
172815 -155552
172922 -354046
173135 -76254
173452 495301
173513 380890
173642 154133
173777 470980
173948 -199727
174021 394671
174105 178164
174137 -202567
174619 454155
174843 -310496
175219 -57699
175358 -107702
175459 69654
175535 -369260
176061 429514
176235 79259
176354 -17701
176719 -360916
177261 10960
177855 -127137
178199 151241
178643 104500
178872 429813
178989 -490506
179319 -331621
179402 474811
179654 439315
179733 -68137
180010 48708
180014 211297
180244 191314
180295 288309
180512 -89208
181296 454876
181304 146323
181328 154125
181919 139356
181980 -382214
182312 -323339
182356 -400327
182379 -115940
183098 -278038
183514 -337375
184058 -161384
184432 -26078
184538 -349949
185337 390364
185499 151499
185500 440797
186147 -242560
186281 -114095
186998 -457427
187261 373554
187285 -392675
187680 212299
187774 -304135
187798 -376174
187833 -207778
188229 -340922
188282 443417
188296 309194
188350 -427901
189035 -100901
189052 378595
189075 236319
189216 -205187
189628 156243
189629 -273160
189804 481099
189992 107864
190005 470218
190007 170561
190220 475631
190314 394166
190431 277135
190437 212186
190562 114451
190881 -123026
191166 -469955
191478 314038
191735 -183703
191897 -292538
192047 -491649
192151 368316
192254 -107083
192522 -36887
192939 65169
193088 -301074
193266 440007
193269 14491
193412 -148320
193426 104861
193454 -131604
193504 133283
193548 412418
193799 -481974
193889 133703
194092 -175721
194393 177952
194727 -404895
194739 -11140
194791 76448
194934 -245075
195019 368820
195136 -443917
195293 -100284
195440 173739
195802 -469250
196029 29669
196080 -422467
196223 -237578
196794 359124
196999 95887
197383 -172777
197439 125440
197723 166897
197997 18180
198224 -138904
198301 158577
198329 25076
198385 -252979
198471 -79007
198682 -70599
199087 -336315
199370 -159925
199663 273791
199694 -67678
200249 262900
200628 -347697
201115 60618
201139 -147492
202018 -17073
202131 320778
202161 208676
202293 357201
203570 68010
203883 -432604
204569 -2416
204717 62729
204838 116419
205001 -107474
206219 305863
206769 -206308
206927 273086
207222 -230048
207396 -356264
207805 -410042
208173 254395
208739 90437
208895 390081
209017 476040
209505 387644
210109 138079
210376 -86180
210631 414256
211047 -157057
211592 125947
211677 297332
212599 62137
213335 196108
213386 -480367
213814 -54064
213957 -404253
214293 -157252
214763 -403755
215293 44277
215480 27426
215558 -114916
215667 382712
216408 -352904
216472 75790
216824 351243
217324 -134957
217982 129528
218460 -339656
219297 185839
219307 -249928
219738 136058
219803 -184521
220258 -280814
220531 -395062
220612 297500
220949 -56649
220986 -69261
221176 -79793
221284 258503
221624 -59217
221912 455310
222046 -7444
222061 -402314
222384 -193692
222578 -104259
222679 132440
222694 -229612
222998 -228343
223182 374914
223255 214225
223417 161613
223445 12017
223475 60727
224209 195616
225021 -200298
225293 -61098
225310 -324099
225501 -487738
225721 177091
225749 189548
225751 -387807
225792 -256200
226309 227787
226512 121951
227690 -89320
227772 -497691
228002 228447
228239 347161
228496 -231722
228720 -165538
228726 482843
228918 -371226
229339 323041
229432 83735
229802 158383
230378 -410990
230457 373677
230582 -323726
230697 -256180
230892 -490644
231114 105505
231211 -171646
231581 19161
231595 238544
231803 432773
231823 102973
232292 191506
232297 437008
232656 2235
232990 -239915
233203 360193
233230 -65506
233442 -393396
233609 171468
233611 -101419
233736 221520
234171 -323547
234247 -116777
235111 -190923
235114 466394
235202 -419452
235607 434857
235611 304199
235831 341964
235832 -50345
235929 251992
235992 -371911
236352 -227118
236640 -446436
236954 165780
237104 -191078
237125 -260189
237140 -172246
237229 -117705
237476 -9135
237722 188025
237803 299090
238099 -139470
238546 -265519
239225 -133842
239238 120501
239247 -398045
239737 -19728
240004 -486806
240052 -129825
240174 294544
240770 97746
240886 -202864
240961 346999
240966 -283782
241108 38661
241642 -328975
241669 -349839
241722 -111475
242078 -248865
242600 478694
242905 57728
242963 158571
244071 223793
244346 -20523
244826 135632
245159 209038
245336 86200
245589 398624
245719 -490775
246004 -70957
246708 -286647
246945 -98542
247074 -181839
247316 -114369
247378 239724
247385 217517
248044 -289169
248170 261930
248665 -315919
249266 -59878
249340 175585
249359 -225442
249448 -461048
249561 -493136
249625 189266
249638 -159995
250142 -85806
250179 413751
251156 -54632
251800 231322
251842 -247376
251848 497395
252320 490304
253030 285481
253157 131335
254322 -79586
254637 396083
254671 -1628
254776 15262
254895 426215
255121 -32139
255432 -27466
255470 -411166
255693 202628
256066 255800
256089 -42121
256369 -491062
256709 349623
257031 166193
257411 -26228
257650 276005
257683 -131712
257754 114484
257941 -65680
258201 -20759
258264 -332822
258404 -293568
258587 378129
258667 333892
258988 -185837
259351 -196722
259640 466975
259681 142105
259706 -284337
259847 -242548
261101 170861
261377 297814
261379 -341120
261431 -412661
261458 6483
261485 -50252
261625 281809
261960 -471882
262123 -190738
262366 -150126
262670 -278666
263226 -226110
263513 426747
263718 38751
264022 342749
264320 -188919
264576 408095
264579 -375406
264725 307803
264756 -109993
265103 -242646
265324 -392299
265410 40000
265465 -346068
265785 447730
265794 396323
266287 -312028
266691 115639
266796 -183969
266886 60754
267033 -97208
267074 387061
267205 307629
267425 -93011
267596 -450856
267639 421046
267935 -242821
268107 274174
268116 275357
268405 -32722
269416 129061
269671 84104
269921 485235
270447 400498
270657 190231
270893 -89991
271014 -19893
271141 -475777
271169 -238329
271254 7470
271508 422121
271512 18293
272976 -397677
273464 16994
274076 310772
274309 369357
274546 131196
274838 -293332
275054 386272
275092 -212120
275124 -224221
275157 237681
275195 329574
275328 67627
276142 92862
276315 16831
276397 439502
277242 52347
277266 384246
277344 102099
278079 -384857
278154 -185246
278403 307869
278437 -167676
278739 334557
278797 -368999
278859 192942
278868 421183
279203 102257
279519 208599
279842 342282
280112 460096
280125 -270762
280140 -365865
280153 258752
280204 57780
280433 236856
280908 272537
280918 -77492
281022 -396749
281072 -214828
281513 -189884
282051 -281765
282453 -341195
282588 -32998
282719 -64072
282778 465713
282799 325405
283039 -193961
283039 39273
283098 -290194
283161 -146985
283254 -67424
283281 28569
283500 76382
283651 464954
283866 -59667
283891 439849
284031 52433
284546 147522
284632 -285109
284768 118518
285806 -343958
285868 -465796
287096 -278150
287882 373798
288255 349755
288347 -336888
288640 -126719
288767 439923
289059 -400460
289340 -157196
289897 214903
290162 175637
290744 497372
290934 -181185
290950 497891
291788 -292732
291908 226464
292320 -369038
292559 479101
292856 -373255
292899 469858
292971 -360883
293184 75335
293863 269126
294214 42755
294349 -64780
294788 -225839
295029 -379181
295045 -441870
295263 -484702
295435 291202
295980 -48018
296087 -280303
296143 -388768
296340 182568
296463 54343
296621 -460726
297174 -110581
297640 -423203
297658 279157
297787 -444991
297969 393827
298210 245235
298282 -100360
298743 21509
298967 -497148
299424 -199477
300351 -52377
300393 -17175
300439 362916
300636 -198550
300759 49434
300921 -64316
301045 -330541
301212 160983
301824 65678
302042 -20671
302044 426752
302114 -296218
302127 -417472
302168 -469996
302605 -92238
302981 494994
302993 216175
303149 -486671
303494 -260493
303612 9701
303841 -416590
303867 -197008
303887 340558
304087 -238553
304144 158726
304346 286677
304479 -367153
304678 -123836
304693 -76939
304884 197489
305164 234929
305219 463373
305282 165542
305906 -403415
306088 100383
306949 -46665
307140 284175
307255 -196593
307775 471593
307810 -380328
308033 128947
308137 105329
308268 -243839
308459 -312988
308637 125581
308953 -358160
309201 477149
309360 401551
309628 -1506
309673 414309
310734 449432
311011 352812
311147 192442
311262 -386494
311744 191466
312102 -305484
312361 68770
312455 260627
312479 76219
312948 -49446
312958 -361742
313119 429300
313341 -106011
313439 -316950
313906 488298
314143 177873
314483 121572
314873 48902
315282 484474
315529 -485035
315587 140979
315634 -391937
316428 383248
316493 -183310
316536 -630
316999 -129501
317009 28547
317172 187780
317391 -207149
317823 -233461
318840 -139629
318959 -213320
319042 -179027
319254 -172579
319266 153035
319278 83976
319927 -140468
320211 33527
320268 114527
320805 167824
320997 108371
321152 133718
321224 346810
321264 132141
321573 -183086
321870 105183
322362 -417106
322501 26742
322792 -338229
322835 -257059
323021 -455148
323671 -449573
323845 -248197
323891 222141
324135 388236
324454 212411
324779 465162
324790 -95311
324957 240825
324994 98877
325028 -406668
325034 301115
325067 -69112
325605 -172413
325665 94376
325789 315088
325954 199174
325988 -468532
327454 -232948
327949 44170
327954 417196
328044 -475279
329493 96653
329515 294773
330323 21708
330746 -194414
330815 224246
330928 408856
331350 386979
331396 372049
331480 410841
331519 481099
331607 -127630
331835 383088
332000 -120753
332390 243150
332617 -53140
333004 -202445
333051 -255628
333329 92069
333642 357430
333830 46771
334003 -494967
334300 -142981
334445 -10941
334953 -356127
334962 208969
335002 -245609
335233 -432462
335453 -75586
335739 -73489
335770 321043
336062 -453317
336106 -226750
336259 81359
336633 -85773
336647 -133335
336904 -211051
336938 441969
337200 106863
337216 426197
337886 -339640
338205 -494751
338318 447634
338663 89004
339028 134418
339280 -440240
339308 477118
339370 -320222
339399 198944
339986 57970
339990 -11125
340597 -410698
340890 -159325
341035 -124067
341160 201262
341197 244354
341228 172327
341338 417617
341584 301811
342568 203303
342991 -418926
343035 242982
343055 -478359
343059 -165508
343612 495303
343614 -461241
343702 236999
343793 -318370
343980 27447
343989 248349
344110 -368295
344257 398805
344558 472644
344608 166369
344662 238258
345307 27911
345358 300937
346303 258247
346385 -305111
346494 33153
346499 -229617
346589 -20424
347058 -80247
347192 -177035
347894 -374398
347953 349538
348097 161084
348122 322900
348322 -458343
348897 -347183
349074 227995
349179 -33375
349905 458767
350467 -80409
350737 -105458
351016 284897
351293 -463324
351424 383313
351549 157916
351643 -449055
351871 -481815
351899 -185782
352022 373338
352186 143658
352627 -135894
352761 74626
352762 76628
352834 5721
353011 -338051
353118 -305258
353616 145034
353920 260170
354218 -282889
354236 -205412
354305 -200205
354343 361416
354437 129880
354440 105724
354599 339843
354818 -450158
355127 277559
355902 -75941
356099 231149
356146 276627
356684 423930
356901 97910
357064 -404756
357329 -28598
357430 -265811
357626 -183145
358211 18162
358648 209176
358941 388885
359237 -270071
359240 293170
359280 37541
359505 -322801
359948 -361807
360434 -76706
360441 -229318
360469 491046
360623 -79113
360903 -8010
361220 43339
361267 -241025
361543 287681
361694 -339589
362056 -198299
362395 -467402
362793 -472813
362797 292278
362838 -401558
363713 301892
363847 421720
363996 -151168
364381 -316816
364508 -413904
364538 -292669
364589 -339492
364733 375845
364996 -262583
365367 10626
365781 175408
365913 -44313
366117 -302066
366134 436604
366188 -371693
366294 -431957
366349 -129027
366600 -435219
366603 -242689
366684 -490478
366901 412983
366911 -240114
366934 -136424
367097 -218988
367484 -25239
367660 -128354
368381 163803
368525 45181
368604 -243780
368657 495440
368777 -134649
369221 281496
369610 -81702
370001 -373985
370542 420369
371256 -28382
371412 -151722
371613 -383493
371842 -479098
371868 -275714
372073 314125
372170 86841
372668 369391
372842 449295
372877 123522
373118 -255795
373169 -337889
373394 -260394
373521 283371
373715 22467
373947 -481830
374004 -376571
374525 -78734
375168 202607
375198 347549
375324 -381569
375517 327729
375767 -456143
375862 37131
376102 88039
376394 319268
376474 -262633
376644 -327801
377208 474124
377237 -213815
377287 439723
377392 19161
377527 -334808
377979 214221
378181 495772
378231 -433757
378272 60866
378650 394902
378702 -182580
378741 -70032
379189 -409607
379303 -366590
379375 142460
379767 419534
379968 -398919
380112 255202
380178 479955
380184 -263945
380230 -192972
380496 236661
380593 111087
380594 123866
380694 -313239
380798 114371
380883 435921
381000 497869
381002 -219883
381005 471799
381185 -305325
381192 -490543
381457 455963
381962 194690
381967 -203075
382246 135119
382277 352115
382322 -327669
382806 470055
383068 215968
384086 296945
384138 -295238
384212 64442
384292 -274675
384301 207319
384439 50055
384630 -97494
384679 254395
384910 35228
385123 481962
385209 -221349
385364 -299514
385615 -487993
386085 -367862
386324 89996
386328 -36162
386555 84725
386589 81561
386743 -27968
386756 -340687
386981 -55840
387101 163266
387114 -412915
387193 14656
387333 275098
387518 104133
387603 -395055
387899 456815
388063 107442
388309 112310
388507 105332
389080 131869
389141 155925
389248 -418800
389579 400500
389645 466063
390164 163056
390229 -254838
390746 -227420
390808 -357186
391034 -379063
391387 -295839
391680 125143
391937 -314272
392059 -109520
392177 -496433
392293 -295835
392701 -353622
392760 494948
392792 -111011
392901 -125181
393194 125368
393209 333779
393514 -332286
393567 89875
393613 -351835
393670 -398449
394008 461483
394303 -13895
394559 -368166
394572 -261883
394722 -294660
394895 -197000
394917 -79728
395771 -58417
396079 66017
396131 -227907
396138 -145932
396192 -44386
396299 393544
396669 -480580
396758 191116
396805 -259682
397189 104460
397200 -327392
397660 -283791
398216 -492303
398286 354576
399180 352302
399781 -357796
400257 68375
401390 76815
401675 -381368
402450 -403640
402681 -382692
403013 -376932
403038 456787
403468 -22873
403481 -136159
403690 -492926
403759 338662
403813 3078
404113 -199943
404373 -458793
404552 -94289
404749 -451433
404790 421394
404914 367936
405007 -484295
405073 88425
405910 -308279
407057 343781
407170 -404489
407266 -235670
407505 -64756
407828 256053
408169 -474434
408207 441254
408504 -272070
408942 436563
409126 61052
409501 452211
409811 -123342
409983 -188346
410460 -169244
410709 464911
410822 -232628
410996 -198588
411339 421244
411718 422396
412350 319406
412526 -177316
412794 213826
412855 390695
412929 255042
413130 455247
413339 -27228
413425 -142899
413507 4638
413534 -35723
413645 220091
413870 46341
414099 84098
414168 -149262
414558 -336820
414717 250414
415860 133769
416150 41317
416356 -236927
416726 407726
416885 32900
417026 287335
417350 -438964
417361 -32440
417411 237807
417748 431432
417810 -187015
418146 -407053
418298 168209
418392 -391742
419210 205604
419503 190218
419711 343445
419756 474845
419839 -329913
419928 443595
420372 -383030
420538 -248102
420553 456956
421010 -333983
421358 -107979
421565 -84781
421568 -249026
421764 343949
422007 236978
422663 220015
423118 242293
423508 224751
423600 -328983
423626 -221449
423645 -237462
423775 351358
423929 56694
423970 -7761
424049 -395715
424292 -344560
424649 -383911
424693 -412355
424802 7284
424871 -67997
424901 -125805
425163 -108602
425275 304437
425585 157432
425656 -333101
425705 -277175
426258 -153380
426303 436966
426518 -485672
426684 61017
426986 198761
427326 296605
427415 228663
427646 -103426
427915 280543
428500 -276062
428898 -379805
428985 -448344
428985 -238970
429004 -194976
429023 241971
429394 453242
429398 -182584
429519 161005
429611 264108
429991 -85848
430028 84697
430052 -290924
430080 200679
430253 482968
430297 428674
430302 -205216
430306 227668
430508 481952
430640 -53875
430684 16558
430985 -388967
431130 -11426
431228 381460
431323 -333640
432514 -170304
432691 -186771
433161 271285
433220 490993
433226 -94773
433421 -231173
433716 -117456
434361 -118220
434831 -242805
434873 386276
435216 -362851
435230 -455745
435231 27654
435269 -354122
435632 -416939
435803 -491690
435904 -155028
436491 116736
436589 289306
437102 -465126
437538 -474945
437909 186363
438094 -157347
438244 279103
438414 136301
439310 -327506
439620 -307833
439681 423406
439792 -251024
440200 -29611
440251 24342
440256 270683
440318 -24902
440408 162488
440968 -156729
441085 -118900
441235 -307941
441270 80735
441348 192144
441577 351527
441624 -51825
441857 -485233
442136 -24491
442341 11537
442406 -252
442463 -233532
442658 481913
442990 117915
443898 400482
444055 -75968
444302 98348
444522 -422542
444801 -353145
445084 -317870
445771 3827
446210 496370
446492 -397052
447017 -77485
447140 376456
447692 368217
447743 -209287
448436 -496653
448665 -68695
448898 383946
448929 26040
449022 -227021
449044 -106851
449067 -110643
449080 -194712
449188 -235122
449310 -471547
449427 -313508
449899 -2302
450049 302642
450286 -217026
450679 487698
450768 -93327
450839 -409892
451034 -100460
451258 -433554
451306 -379231
452574 244618
452684 214191
453110 411137
453690 -400435
453807 -420625
453909 -128650
454276 -271212
454328 402448
454818 -119349
455114 -445914
455227 -114555
455416 319246
455535 -217366
456309 374715
456848 -364077
457595 389044
457653 -226741
457809 213576
458336 -85987
458524 299809
458567 -322815
458586 -222808
458986 -27402
459336 -71685
459945 -480076
460033 -497414
460102 -195951
460162 57820
460311 -292278
460628 -425108
460965 296592
461165 -485083
461352 -346620
461713 -255245
461998 -471025
462067 397766
462179 305100
462208 191615
462573 -55335
462674 -499613
463297 1883
463326 -384152
463326 476820
463535 -24400
463745 -59160
464092 -216393
464241 243807
464347 453442
465336 73249
465858 -338244
466017 -343571
466040 375317
466302 -84887
466549 197856
466592 -358318
466652 -81727
466954 -458702
467021 37960
467058 151956
467115 -42182
467710 8085
467752 -377524
467859 -317620
467958 373172
468078 -121423
468164 357768
468165 -482263
468211 387829
468249 -337151
468466 -235840
468534 -159360
468776 110622
468800 -192371
468883 -316636
469019 13350
469025 -451366
469380 209055
469547 -275890
469854 -454840
470215 -489504
470445 406577
470693 -144988
471102 459658
471164 486095
471483 398764
471536 464297
471838 -196187
472223 -406305
472257 -9294
472817 476634
472931 109109
473146 246825
474324 -299493
474508 53593
474711 -144518
474918 97844
475047 65734
475198 -448272
475700 -221307
475888 118565
476048 370392
476179 498998
476322 -195203
476769 114422
477388 -318088
477754 371914
477975 150449
478078 319238
478174 -268520
478241 -287879
478394 -13350
478700 -186471
478801 -3922
478831 196623
479276 191162
479300 -194203
479353 357774
479371 -428093
479468 487054
479609 -138097
479696 -89400
479832 -221322
479866 -367733
479870 -475125
480332 -301585
480339 416573
480406 -316634
480412 223787
480546 453623
480748 -332190
480895 -446319
480965 196320
480975 239508
481001 -227933
481185 -348805
481488 -414067
482455 -333636
482697 -133866
483055 467250
483126 372241
483316 46591
483499 308345
483505 -273378
483546 -59314
483885 -25736
484305 451379
484399 -1628
485038 386032
485848 361899
486054 283009
486062 -211875
486089 -284939
486346 -192312
486388 193820
486484 -229488
486642 -201253
486775 -127785
487055 -366636
487100 -326520
487447 413050
487651 -339371
487664 -353216
487751 265690
487881 236604
489154 220725
489336 498577
489472 294317
489835 -375492
490805 -94088
491064 138431
491250 -327907
491576 312714
491599 250199
491671 370906
491672 41306
491702 392206
492129 292788
492263 139143
492426 305917
492570 183818
492659 248764
492783 -292756
493093 -210459
493240 -205399
493436 -404626
493751 -399618
493883 -245920
494332 190657
494819 -158062
495106 -81713
495205 -204490
495306 -13523
495335 -432204
495788 245165
495807 -349607
495820 102335
495858 -169831
496296 -155957
496311 -129800
496420 211053
496812 -431292
497052 198457
497580 -491091
497619 409307
497682 26716
497840 -474079
497956 454945
497986 -398291
498561 426913
498607 426938
498922 103223
499325 -410747
499838 187811
0 1956
0 2064
1 5
2 30
3 4
4 41
5 85
5 9
6 11
7 17
8 81
10 34
10 13
11 23
11 65
12 71
14 49
15 44
16 50
17 47
18 35
19 24
20 44
21 33
21 29
22 39
23 26
24 36
25 72
26 32
27 88
27 28
27 37
28 43
29 64
30 108
31 75
32 62
33 48
34 57
35 54
36 53
38 119
39 69
40 82
41 80
42 60
44 100
45 74
46 61
47 66
48 106
48 49
50 61
51 70
52 57
52 111
53 59
54 68
55 99
55 76
56 67
57 63
58 64
59 94
60 114
61 77
62 95
62 71
63 78
64 70
66 126
67 87
68 92
69 79
72 75
73 81
73 86
74 105
74 84
75 134
77 115
77 82
78 89
79 107
79 89
80 109
81 96
83 179
85 91
86 87
86 170
87 93
88 103
90 100
90 113
91 140
92 127
92 99
94 110
95 123
96 97
97 128
98 104
99 133
100 120
101 118
101 104
102 103
103 137
104 105
105 132
106 112
107 121
108 124
109 116
110 206
111 125
111 141
112 161
113 114
113 171
115 169
115 122
116 142
117 135
118 185
119 195
119 140
120 148
121 201
123 155
124 136
126 147
126 128
127 130
129 135
129 142
130 162
131 132
131 151
132 167
133 174
133 138
134 153
134 146
135 182
136 145
137 191
139 209
140 158
142 159
142 213
143 177
143 145
144 188
146 181
147 192
147 156
148 227
149 159
149 204
150 155
150 160
151 152
153 190
153 154
155 184
156 193
157 158
157 168
160 198
161 166
162 214
162 163
163 220
164 165
165 241
165 173
166 178
166 180
168 253
169 175
169 183
171 187
172 216
172 178
173 179
175 217
176 179
176 200
177 196
182 215
183 202
184 226
185 208
185 186
186 188
187 218
187 256
188 221
189 209
190 232
190 244
191 219
191 205
192 207
193 216
194 196
194 238
195 200
196 211
197 236
198 203
199 205
199 215
201 230
202 235
204 206
204 252
206 212
207 224
208 267
209 233
210 254
210 229
211 231
214 262
215 285
217 222
219 221
220 228
221 258
222 249
223 236
224 229
224 245
225 227
226 238
226 250
227 303
227 236
230 247
231 251
232 268
233 246
234 237
237 284
238 242
239 264
240 259
241 248
241 255
241 247
242 273
243 298
246 261
247 278
248 266
249 277
249 269
250 309
251 312
251 268
252 260
253 272
254 263
255 275
256 289
257 265
258 300
259 305
260 271
261 320
262 324
263 306
264 346
264 267
265 283
266 282
270 296
271 318
272 314
274 288
275 291
276 283
277 325
277 294
279 316
280 298
281 285
281 287
281 359
282 295
283 327
284 293
285 288
286 339
288 307
289 310
290 292
292 303
292 374
293 311
294 301
295 313
296 305
296 335
297 379
297 334
298 353
299 306
299 320
300 343
301 333
302 319
302 304
303 321
304 344
305 356
306 375
307 329
308 342
308 317
309 330
310 377
311 367
311 336
312 323
313 336
314 350
315 380
315 346
316 337
317 319
318 366
319 360
321 349
322 328
322 357
323 388
323 340
324 335
324 424
325 352
326 333
326 327
327 345
328 330
328 410
329 389
330 351
331 340
331 373
332 339
332 342
333 348
334 339
337 365
338 354
339 371
341 390
345 380
346 383
347 351
348 392
349 362
350 364
351 361
352 368
353 382
353 358
354 421
354 368
355 395
356 448
357 402
358 391
359 425
360 372
362 394
363 371
363 401
365 423
367 405
369 384
370 375
370 379
372 393
373 431
374 398
375 386
376 430
377 396
378 383
378 436
381 390
381 388
382 411
384 419
385 393
385 443
386 414
387 391
388 427
390 434
391 429
392 418
394 407
395 398
396 406
397 401
399 415
400 403
402 411
403 408
404 406
404 441
405 479
405 435
407 457
407 408
408 416
409 434
409 419
411 417
412 443
413 435
414 441
415 462
416 422
416 433
418 490
419 467
420 426
421 442
423 438
423 483
425 481
426 464
427 482
428 445
430 461
432 463
433 439
433 438
434 454
436 444
436 440
437 459
438 487
440 474
441 472
442 476
443 465
444 470
445 478
446 488
446 475
447 485
448 480
449 455
449 495
450 470
451 468
452 456
452 471
453 538
454 525
454 460
455 473
456 479
457 477
458 516
459 466
459 463
461 499
462 476
462 520
463 473
464 519
465 493
466 472
468 471
468 530
469 480
469 476
472 511
473 505
477 521
478 496
479 529
480 501
483 491
484 502
485 490
486 489
487 510
488 493
488 524
489 490
490 566
491 522
492 496
494 557
495 504
496 531
497 500
498 508
498 502
499 506
500 540
501 507
503 515
503 526
505 543
506 559
507 547
507 514
508 541
509 510
510 581
511 560
512 515
513 537
515 534
516 545
516 574
517 518
517 521
518 519
518 591
519 548
520 561
521 555
522 533
523 538
524 596
525 527
525 532
526 552
527 562
528 544
529 593
530 546
531 563
531 537
532 553
533 544
533 550
534 567
535 557
536 540
536 583
536 542
538 549
539 550
539 573
540 556
541 615
541 569
542 564
543 624
544 601
545 595
546 603
547 570
548 639
549 620
551 598
552 610
554 592
554 563
555 572
556 611
557 617
558 574
558 604
559 565
559 616
560 567
560 612
561 571
562 573
563 622
564 582
565 575
566 614
568 587
569 594
570 577
570 584
571 623
572 598
573 613
575 597
576 579
577 618
578 660
579 641
580 634
582 593
583 600
585 628
585 597
586 596
586 664
587 588
588 605
588 627
589 678
590 606
591 637
592 647
594 646
595 645
596 608
597 643
598 677
599 603
599 653
600 607
601 619
601 708
602 632
602 611
603 605
606 661
606 621
608 609
610 663
612 635
613 662
614 640
615 629
615 652
616 625
616 642
617 631
617 644
618 626
619 654
620 671
620 630
621 634
622 657
623 648
624 674
626 630
627 658
628 691
629 716
631 698
632 638
633 660
636 670
638 649
639 692
640 659
641 685
642 645
643 676
645 656
647 650
648 699
649 668
650 683
651 663
652 672
653 673
655 657
656 701
657 700
659 687
660 682
661 665
663 681
664 697
665 674
666 667
667 668
667 678
668 689
669 692
670 702
671 673
671 679
675 677
675 695
678 680
679 694
680 685
681 713
682 684
683 686
684 717
685 748
686 701
687 724
687 702
688 714
688 689
690 742
690 691
691 693
692 730
693 705
696 699
696 725
697 710
698 729
698 703
700 735
701 715
704 733
705 727
706 731
707 712
709 726
709 719
710 722
710 777
711 746
712 720
713 731
714 733
716 721
716 751
717 725
717 757
718 744
720 762
721 739
723 734
724 754
726 745
727 756
728 735
729 738
730 778
730 744
731 736
732 737
733 765
734 743
735 746
737 768
738 747
738 742
739 753
740 751
741 783
741 762
742 761
743 771
745 817
746 760
747 767
748 782
749 772
749 768
750 770
751 803
752 756
753 759
754 758
754 769
755 773
756 781
758 784
759 794
760 839
761 787
763 780
764 788
765 790
766 773
766 786
767 769
767 774
769 840
770 807
771 806
772 810
773 775
773 800
774 797
775 789
776 799
777 834
778 859
779 782
779 794
780 821
780 792
781 809
782 818
783 798
785 804
787 816
788 795
789 792
790 829
791 823
791 807
793 802
793 833
795 825
796 814
796 823
798 808
799 842
799 801
800 815
802 863
803 805
803 850
804 852
805 824
806 854
806 813
808 830
810 849
811 853
811 848
812 909
813 831
814 875
816 837
817 866
817 829
819 855
820 839
821 865
822 824
823 864
825 826
825 847
825 887
826 831
827 878
827 830
828 835
831 896
832 857
833 849
834 870
835 837
836 847
836 876
836 842
837 858
838 850
838 877
839 841
841 846
843 872
843 854
844 861
844 845
845 859
846 868
851 855
852 867
853 911
855 891
856 873
856 865
857 869
858 860
859 881
860 895
861 885
862 886
863 930
865 883
866 913
867 889
867 872
868 901
869 898
870 905
871 892
871 875
873 904
874 910
874 893
875 880
876 890
877 916
877 889
878 894
878 882
879 929
879 888
880 979
881 897
881 927
882 947
883 924
883 886
884 907
885 906
887 914
890 923
891 904
892 964
893 944
893 911
894 913
895 922
896 942
898 899
898 903
899 908
900 933
900 909
902 954
903 928
904 957
905 978
906 945
906 907
908 920
910 931
911 921
912 958
913 984
914 950
915 930
916 917
916 970
917 919
918 926
918 986
919 934
920 976
920 930
921 938
922 932
923 943
925 928
926 936
927 1002
929 964
931 963
932 962
932 968
933 956
934 949
935 946
935 975
936 958
937 982
938 955
939 948
940 965
940 948
941 1026
943 951
945 1016
946 947
949 980
949 958
952 987
953 971
954 974
954 956
955 981
957 1014
959 966
960 970
961 1001
961 967
962 974
963 967
964 1029
965 984
966 977
969 976
971 993
971 998
972 982
973 1003
973 982
975 995
976 1021
977 1005
978 1036
979 983
980 1006
981 985
982 1043
983 992
984 1044
985 1023
985 991
987 992
988 997
989 1034
989 997
990 995
991 1007
993 1010
994 1059
996 1009
998 1019
999 1025
1000 1008
1000 1001
1001 1025
1002 1024
1003 1013
1004 1021
1004 1012
1005 1051
1005 1011
1006 1028
1008 1077
1009 1026
1010 1041
1013 1018
1014 1027
1014 1017
1015 1021
1016 1060
1016 1018
1016 1030
1017 1070
1019 1071
1020 1029
1021 1052
1022 1041
1022 1054
1024 1055
1024 1026
1027 1043
1028 1032
1029 1048
1031 1037
1031 1048
1033 1086
1034 1042
1034 1068
1035 1036
1035 1042
1037 1073
1038 1119
1039 1069
1039 1040
1040 1050
1041 1079
1044 1076
1045 1050
1045 1049
1046 1082
1047 1052
1047 1062
1049 1075
1051 1098
1052 1058
1053 1106
1053 1061
1056 1080
1057 1061
1057 1076
1058 1094
1059 1072
1059 1103
1060 1087
1062 1072
1063 1102
1063 1065
1064 1074
1066 1071
1066 1069
1067 1070
1068 1115
1070 1081
1071 1083
1071 1121
1073 1105
1074 1080
1075 1133
1077 1120
1078 1103
1079 1111
1080 1110
1080 1097
1081 1091
1082 1088
1083 1104
1084 1112
1084 1086
1085 1153
1087 1118
1088 1113
1089 1155
1089 1105
1090 1100
1090 1131
1090 1092
1091 1166
1093 1108
1094 1126
1094 1095
1095 1129
1095 1142
1096 1123
1098 1204
1099 1135
1100 1124
1101 1118
1102 1122
1103 1109
1104 1174
1105 1141
1106 1150
1106 1127
1107 1125
1108 1113
1108 1128
1110 1130
1111 1116
1112 1207
1112 1114
1113 1171
1114 1146
1115 1123
1115 1117
1116 1137
1117 1172
1118 1140
1119 1144
1120 1184
1120 1136
1121 1132
1122 1123
1122 1152
1123 1138
1124 1160
1125 1168
1126 1158
1127 1154
1129 1159
1130 1154
1132 1202
1133 1195
1134 1141
1134 1135
1135 1169
1136 1170
1137 1163
1138 1198
1139 1183
1139 1168
1140 1147
1140 1165
1141 1196
1143 1223
1144 1156
1145 1153
1147 1177
1148 1179
1149 1176
1149 1153
1150 1162
1151 1226
1151 1155
1152 1167
1156 1157
1157 1178
1158 1170
1159 1219
1160 1212
1161 1175
1162 1250
1163 1208
1164 1186
1165 1215
1166 1187
1167 1192
1169 1182
1171 1179
1173 1203
1173 1179
1174 1253
1175 1187
1176 1190
1177 1234
1178 1193
1180 1228
1180 1188
1181 1241
1182 1185
1183 1205
1184 1190
1185 1254
1186 1216
1189 1199
1190 1235
1191 1223
1192 1194
1193 1204
1193 1210
1194 1222
1195 1280
1196 1201
1197 1224
1197 1208
1199 1212
1199 1214
1200 1202
1200 1233
1203 1239
1204 1279
1205 1266
1206 1211
1207 1218
1207 1237
1209 1210
1210 1268
1211 1275
1211 1234
1212 1242
1213 1214
1213 1221
1213 1270
1215 1217
1216 1274
1217 1220
1218 1264
1219 1244
1222 1265
1223 1272
1224 1281
1225 1229
1226 1245
1227 1325
1228 1267
1228 1232
1229 1253
1229 1287
1230 1231
1231 1298
1232 1246
1235 1307
1236 1260
1237 1245
1238 1256
1239 1240
1239 1242
1240 1259
1240 1301
1241 1257
1241 1273
1243 1247
1243 1248
1244 1257
1245 1276
1247 1269
1248 1255
1249 1258
1249 1267
1249 1306
1250 1251
1250 1293
1251 1262
1252 1309
1252 1279
1254 1263
1255 1259
1256 1273
1256 1264
1258 1261
1260 1283
1260 1292
1260 1271
1261 1286
1262 1270
1263 1274
1264 1316
1265 1290
1266 1271
1266 1304
1269 1314
1272 1284
1275 1289
1276 1338
1277 1299
1277 1327
1278 1298
1280 1283
1281 1295
1282 1305
1284 1298
1285 1296
1285 1289
1286 1315
1287 1302
1288 1329
1289 1332
1290 1315
1291 1308
1292 1334
1293 1336
1294 1304
1294 1296
1295 1310
1297 1311
1298 1343
1299 1307
1300 1380
1301 1340
1302 1313
1303 1307
1303 1314
1304 1359
1305 1320
1306 1331
1307 1333
1308 1320
1309 1312
1310 1319
1311 1318
1312 1330
1313 1350
1314 1357
1315 1389
1317 1326
1318 1349
1319 1345
1320 1387
1321 1362
1322 1344
1323 1357
1323 1354
1324 1343
1325 1327
1325 1329
1326 1329
1326 1413
1328 1348
1330 1355
1331 1341
1332 1378
1333 1372
1334 1339
1334 1375
1335 1336
1335 1382
1336 1348
1337 1384
1337 1361
1338 1367
1340 1385
1340 1349
1341 1347
1342 1356
1343 1398
1344 1350
1345 1352
1346 1376
1347 1388
1348 1364
1349 1356
1350 1379
1351 1407
1352 1362
1352 1433
1353 1363
1353 1417
1355 1416
1355 1358
1358 1360
1359 1414
1359 1396
1360 1366
1361 1405
1362 1374
1363 1394
1364 1368
1365 1389
1366 1390
1367 1423
1368 1373
1369 1389
1369 1403
1370 1392
1371 1399
1372 1412
1373 1427
1374 1377
1376 1392
1377 1401
1378 1384
1379 1393
1380 1386
1380 1381
1381 1409
1383 1405
1384 1449
1385 1410
1386 1422
1387 1428
1388 1419
1389 1465
1390 1394
1391 1397
1391 1432
1392 1434
1393 1430
1395 1425
1397 1411
1398 1400
1398 1401
1399 1441
1400 1421
1402 1403
1402 1446
1404 1408
1405 1484
1406 1447
1407 1488
1408 1423
1408 1459
1410 1424
1410 1415
1411 1444
1411 1426
1412 1418
1413 1463
1414 1452
1414 1441
1416 1474
1417 1450
1418 1435
1419 1428
1420 1428
1420 1460
1421 1427
1422 1455
1423 1438
1424 1486
1425 1429
1425 1461
1427 1457
1428 1445
1429 1437
1430 1436
1431 1476
1432 1435
1433 1462
1434 1440
1437 1438
1437 1518
1439 1451
1439 1440
1440 1443
1440 1472
1442 1471
1443 1482
1444 1448
1445 1503
1446 1453
1447 1453
1447 1478
1448 1517
1449 1466
1451 1463
1454 1465
1455 1469
1455 1479
1456 1464
1456 1467
1458 1462
1462 1470
1463 1493
1464 1475
1466 1487
1468 1482
1468 1509
1469 1483
1470 1506
1471 1521
1472 1492
1473 1490
1474 1477
1474 1476
1475 1486
1476 1502
1476 1485
1477 1489
1478 1527
1480 1500
1481 1501
1481 1512
1482 1498
1483 1515
1484 1494
1484 1510
1485 1567
1486 1519
1488 1495
1488 1505
1489 1491
1490 1569
1491 1523
1492 1534
1493 1497
1493 1541
1494 1496
1495 1516
1496 1504
1499 1554
1500 1525
1500 1514
1501 1561
1503 1540
1504 1508
1505 1524
1506 1515
1507 1511
1508 1511
1509 1558
1510 1542
1513 1539
1513 1520
1515 1533
1516 1547
1516 1521
1517 1520
1521 1526
1522 1534
1523 1543
1524 1546
1525 1568
1526 1532
1526 1528
1527 1576
1528 1538
1528 1609
1529 1550
1530 1578
1531 1562
1533 1553
1535 1546
1535 1573
1536 1556
1537 1563
1538 1549
1539 1565
1540 1563
1543 1548
1544 1558
1544 1564
1544 1621
1545 1557
1547 1574
1548 1560
1550 1592
1551 1584
1552 1561
1553 1575
1554 1567
1554 1589
1555 1568
1555 1559
1556 1585
1557 1614
1559 1579
1560 1582
1560 1562
1561 1583
1563 1620
1564 1593
1565 1607
1566 1577
1566 1571
1568 1622
1569 1573
1570 1591
1570 1577
1572 1575
1574 1616
1575 1624
1576 1606
1578 1618
1580 1583
1580 1590
1581 1583
1582 1596
1582 1587
1583 1595
1584 1653
1584 1591
1585 1655
1586 1660
1586 1597
1587 1588
1590 1601
1592 1602
1593 1639
1594 1612
1595 1632
1596 1623
1598 1599
1599 1606
1599 1614
1600 1619
1600 1670
1601 1633
1602 1605
1602 1607
1603 1641
1603 1612
1604 1615
1605 1681
1606 1625
1608 1708
1608 1644
1610 1627
1611 1654
1612 1634
1613 1643
1613 1691
1614 1663
1615 1621
1616 1648
1617 1675
1618 1634
1619 1665
1620 1714
1621 1630
1622 1635
1622 1688
1623 1649
1624 1629
1625 1636
1626 1640
1627 1637
1628 1684
1629 1659
1629 1631
1630 1662
1631 1645
1632 1669
1633 1641
1634 1696
1635 1700
1636 1658
1637 1639
1638 1701
1639 1697
1640 1656
1641 1668
1642 1663
1642 1667
1643 1724
1644 1665
1646 1679
1647 1657
1648 1693
1649 1652
1649 1692
1650 1669
1651 1661
1652 1655
1652 1671
1653 1688
1654 1707
1655 1683
1656 1695
1656 1657
1659 1680
1660 1675
1660 1689
1661 1677
1663 1732
1664 1699
1666 1701
1666 1676
1668 1721
1669 1726
1670 1687
1671 1749
1672 1678
1672 1719
1673 1681
1674 1733
1674 1690
1675 1676
1675 1686
1677 1711
1678 1694
1679 1722
1679 1698
1680 1685
1680 1740
1681 1720
1682 1757
1682 1693
1683 1704
1684 1784
1686 1713
1687 1743
1689 1694
1690 1722
1693 1710
1695 1723
1697 1729
1698 1747
1699 1712
1700 1741
1701 1706
1702 1727
1703 1709
1703 1725
1704 1716
1705 1746
1706 1734
1707 1716
1708 1719
1709 1785
1711 1771
1712 1819
1714 1752
1714 1715
1716 1770
1717 1779
1718 1723
1718 1727
1720 1747
1721 1750
1723 1783
1724 1742
1725 1769
1726 1728
1726 1745
1727 1728
1729 1748
1730 1759
1731 1753
1732 1735
1733 1766
1734 1822
1735 1736
1736 1755
1737 1750
1738 1777
1738 1799
1739 1743
1739 1796
1740 1797
1741 1744
1742 1818
1744 1760
1745 1754
1746 1756
1746 1791
1747 1762
1748 1793
1749 1761
1750 1751
1751 1812
1753 1792
1754 1813
1756 1767
1757 1772
1757 1790
1758 1761
1758 1780
1759 1781
1760 1833
1761 1885
1763 1768
1764 1841
1764 1778
1765 1766
1765 1782
1766 1778
1767 1800
1768 1804
1768 1834
1769 1770
1770 1794
1771 1774
1771 1786
1772 1791
1773 1801
1774 1776
1775 1793
1775 1835
1776 1780
1776 1802
1777 1779
1779 1798
1779 1814
1780 1789
1781 1793
1782 1787
1783 1864
1784 1803
1784 1800
1785 1805
1786 1823
1787 1816
1788 1807
1789 1828
1790 1842
1792 1806
1795 1812
1795 1798
1796 1815
1797 1821
1797 1856
1798 1826
1799 1848
1801 1833
1801 1817
1803 1867
1803 1824
1804 1827
1805 1831
1806 1819
1807 1815
1808 1894
1809 1830
1810 1876
1810 1811
1811 1820
1812 1915
1813 1839
1814 1832
1816 1829
1817 1819
1818 1823
1818 1860
1818 1846
1820 1836
1822 1866
1825 1829
1826 1854
1827 1848
1830 1837
1831 1850
1832 1891
1833 1916
1834 1840
1835 1847
1836 1845
1837 1873
1838 1842
1838 1843
1838 1878
1839 1862
1840 1877
1841 1855
1841 1859
1842 1853
1844 1870
1846 1882
1847 1850
1847 1884
1848 1940
1849 1863
1850 1874
1851 1898
1851 1857
1852 1857
1852 1889
1855 1869
1856 1911
1856 1861
1858 1897
1859 1875
1862 1871
1863 1900
1864 1870
1864 1873
1865 1895
1866 1925
1866 1879
1867 1922
1867 1887
1868 1877
1868 1869
1869 1927
1870 1872
1871 1892
1872 1901
1874 1897
1874 1914
1876 1879
1878 1903
1878 1907
1880 1891
1881 1908
1881 1898
1882 1981
1883 1889
1883 1906
1886 1894
1887 1890
1887 1902
1888 1899
1890 1912
1891 1977
1892 1896
1893 1957
1894 1930
1895 1917
1897 1949
1899 1952
1900 1947
1901 1956
1903 1919
1903 1913
1904 1920
1905 1932
1906 1974
1907 1921
1908 1909
1909 1934
1909 1960
1910 1937
1910 1918
1911 1935
1912 1923
1913 1955
1913 1925
1915 1983
1916 1929
1917 1942
1920 1923
1920 1938
1921 1963
1922 1966
1923 1928
1924 1997
1926 1940
1927 1945
1927 2001
1928 1990
1929 1964
1929 1944
1930 1942
1930 1936
1931 1935
1932 1982
1932 1937
1933 1943
1933 1957
1934 1939
1935 1973
1939 1941
1939 1971
1940 1953
1941 1947
1942 1959
1942 1947
1943 1988
1944 1962
1945 1954
1946 1980
1948 1956
1948 1989
1948 1950
1949 1976
1950 1985
1951 1974
1951 2024
1952 1967
1953 1965
1954 1968
1955 1992
1956 1964
1957 1994
1958 1970
1958 1996
1959 1993
1959 1961
1960 1969
1965 1970
1966 2036
1967 2005
1968 1979
1969 2021
1971 2009
1972 1981
1973 1995
1975 1976
1976 2032
1977 2071
1978 1980
1978 2039
1979 2000
1980 1985
1981 2062
1982 1986
1984 2015
1984 1987
1986 2013
1988 2069
1990 2010
1991 2004
1992 2002
1993 2034
1995 2063
1996 2019
1997 2033
1997 2020
1998 2017
1999 2016
2000 2007
2000 2052
2001 2041
2002 2008
2002 2046
2003 2065
2004 2007
2004 2012
2005 2035
2006 2038
2008 2096
2009 2022
2010 2057
2011 2013
2011 2016
2013 2025
2013 2059
2014 2042
2015 2068
2017 2049
2018 2030
2021 2047
2022 2090
2023 2073
2023 2054
2024 2055
2025 2028
2026 2127
2027 2071
2028 2048
2029 2071
2030 2040
2030 2034
2031 2041
2032 2033
2032 2043
2035 2043
2035 2042
2036 2038
2037 2055
2038 2050
2038 2101
2040 2056
2042 2066
2044 2078
2044 2080
2045 2095
2046 2091
2047 2061
2047 2068
2048 2067
2049 2057
2050 2063
2051 2062
2052 2072
2053 2066
2053 2058
2054 2069
2056 2076
2058 2119
2059 2104
2060 2065
2061 2093
2062 2094
2063 2067
2063 2111
2064 2078
2065 2089
2065 2092
2068 2098
2070 2126
2071 2085
2072 2075
2073 2099
2074 2077
2075 2082
2076 2087
2077 2124
2078 2084
2079 2096
2079 2083
2080 2109
2081 2086
2082 2154
2083 2097
2085 2121
2086 2178
2087 2117
2088 2090
2089 2091
2090 2115
2092 2105
2094 2108
2094 2110
2095 2139
2096 2151
2097 2102
2099 2133
2100 2109
2100 2161
2101 2116
2102 2112
2103 2104
2105 2135
2106 2149
2107 2111
2108 2136
2111 2155
2113 2121
2114 2115
2114 2123
2115 2130
2116 2120
2117 2140
2118 2146
2118 2137
2120 2125
2122 2167
2123 2158
2124 2147
2125 2145
2126 2134
2127 2182
2128 2155
2128 2132
2129 2140
2129 2180
2130 2205
2131 2138
2131 2159
2132 2176
2132 2213
2133 2148
2134 2174
2134 2149
2135 2146
2135 2185
2136 2210
2137 2140
2138 2142
2139 2181
2139 2143
2141 2144
2142 2149
2144 2153
2145 2150
2147 2173
2148 2168
2151 2166
2152 2170
2153 2197
2154 2157
2154 2175
2155 2171
2156 2177
2158 2190
2159 2165
2160 2183
2160 2200
2161 2164
2162 2187
2163 2203
2164 2169
2165 2193
2166 2199
2167 2179
2167 2172
2168 2186
2169 2178
2170 2214
2171 2192
2171 2184
2173 2244
2174 2194
2175 2179
2175 2230
2176 2183
2177 2234
2180 2208
2181 2195
2182 2227
2182 2187
2184 2239
2184 2204
2185 2196
2186 2237
2188 2212
2188 2209
2189 2191
2191 2198
2191 2231
2193 2235
2194 2224
2195 2215
2195 2201
2195 2247
2196 2258
2197 2219
2197 2202
2198 2203
2200 2229
2200 2263
2201 2206
2202 2207
2203 2206
2203 2233
2204 2218
2206 2248
2207 2254
2209 2228
2210 2217
2211 2214
2211 2221
2212 2217
2214 2241
2215 2222
2216 2226
2216 2250
2217 2249
2218 2223
2219 2256
2220 2296
2221 2240
2222 2229
2223 2253
2223 2234
2224 2246
2225 2232
2226 2235
2227 2243
2230 2274
2232 2289
2233 2245
2234 2261
2236 2269
2236 2241
2237 2251
2238 2273
2239 2282
2240 2257
2242 2246
2243 2271
2244 2283
2245 2298
2246 2255
2248 2265
2249 2288
2250 2325
2251 2264
2252 2258
2252 2305
2253 2280
2255 2310
2256 2304
2256 2271
2257 2268
2258 2260
2259 2263
2261 2267
2262 2300
2262 2286
2264 2278
2266 2293
2268 2287
2269 2335
2269 2276
2270 2290
2271 2273
2271 2302
2272 2274
2274 2291
2275 2288
2275 2312
2277 2297
2277 2295
2278 2310
2279 2301
2280 2292
2280 2285
2281 2298
2282 2321
2283 2346
2284 2285
2284 2319
2288 2311
2289 2314
2290 2309
2291 2332
2292 2343
2293 2306
2294 2303
2296 2315
2297 2313
2297 2308
2299 2345
2300 2334
2301 2380
2302 2320
2303 2324
2304 2336
2305 2327
2305 2317
2306 2377
2307 2338
2307 2326
2308 2309
2310 2366
2312 2379
2313 2333
2314 2407
2315 2326
2315 2339
2316 2365
2317 2337
2318 2360
2319 2358
2322 2336
2323 2341
2324 2394
2324 2330
2325 2334
2325 2367
2327 2364
2328 2373
2328 2335
2329 2336
2331 2404
2332 2351
2332 2372
2333 2397
2333 2344
2334 2388
2335 2362
2336 2354
2337 2399
2338 2415
2339 2353
2340 2376
2341 2349
2341 2371
2342 2350
2345 2353
2345 2348
2346 2375
2347 2422
2348 2355
2349 2384
2350 2358
2351 2412
2351 2352
2352 2361
2354 2391
2354 2357
2355 2382
2356 2433
2356 2366
2357 2363
2358 2385
2359 2375
2360 2424
2360 2380
2361 2381
2364 2374
2365 2389
2366 2401
2368 2441
2369 2417
2369 2427
2370 2396
2371 2395
2372 2406
2373 2378
2373 2408
2374 2416
2374 2397
2375 2398
2376 2429
2376 2440
2377 2450
2378 2459
2379 2386
2381 2403
2382 2409
2383 2414
2383 2431
2384 2402
2384 2465
2385 2423
2386 2428
2387 2410
2387 2405
2389 2400
2390 2432
2390 2414
2391 2396
2392 2399
2392 2425
2393 2440
2394 2447
2396 2409
2398 2411
2399 2402
2400 2434
2401 2404
2405 2407
2406 2430
2407 2413
2408 2435
2410 2438
2411 2460
2412 2449
2415 2424
2415 2436
2417 2419
2417 2420
2418 2432
2418 2422
2418 2442
2419 2426
2421 2443
2421 2470
2423 2471
2424 2427
2426 2446
2428 2445
2429 2461
2430 2439
2432 2454
2433 2448
2434 2437
2437 2459
2438 2534
2439 2455
2441 2456
2442 2463
2443 2445
2444 2445
2444 2450
2445 2475
2446 2466
2447 2499
2448 2487
2449 2472
2450 2488
2451 2502
2452 2498
2452 2477
2453 2480
2454 2467
2454 2511
2455 2457
2455 2462
2456 2473
2458 2461
2458 2508
2459 2542
2460 2468
2460 2484
2461 2525
2462 2473
2463 2474
2464 2484
2465 2491
2466 2502
2467 2485
2468 2494
2469 2481
2469 2497
2471 2569
2472 2482
2472 2481
2473 2493
2474 2532
2475 2515
2476 2548
2476 2478
2479 2480
2479 2495
2480 2554
2482 2503
2483 2535
2483 2489
2483 2487
2485 2501
2486 2508
2486 2499
2488 2513
2490 2563
2492 2547
2492 2507
2493 2517
2494 2551
2494 2498
2496 2510
2496 2514
2497 2505
2499 2521
2500 2509
2500 2501
2502 2529
2504 2513
2504 2506
2505 2570
2506 2550
2506 2528
2509 2549
2510 2541
2512 2556
2515 2545
2516 2526
2517 2533
2518 2560
2519 2520
2519 2527
2520 2561
2522 2523
2522 2555
2523 2577
2524 2549
2525 2538
2525 2530
2526 2533
2526 2548
2527 2536
2528 2535
2529 2558
2530 2537
2531 2540
2533 2582
2534 2587
2536 2571
2538 2616
2539 2545
2539 2590
2540 2542
2541 2546
2541 2572
2542 2553
2543 2555
2543 2575
2544 2554
2545 2657
2546 2548
2547 2583
2548 2592
2549 2557
2550 2585
2551 2589
2552 2574
2552 2558
2553 2564
2553 2566
2554 2568
2554 2595
2556 2560
2556 2576
2557 2609
2558 2562
2559 2569
2559 2591
2560 2638
2561 2617
2561 2564
2562 2613
2562 2577
2563 2586
2564 2629
2565 2578
2565 2568
2567 2580
2567 2598
2569 2580
2570 2584
2572 2631
2573 2625
2574 2615
2575 2578
2579 2583
2579 2586
2581 2587
2581 2597
2582 2610
2583 2588
2584 2587
2585 2604
2586 2602
2588 2640
2588 2600
2589 2653
2590 2593
2591 2614
2592 2594
2592 2660
2595 2612
2596 2597
2597 2635
2598 2603
2599 2621
2601 2623
2603 2627
2605 2609
2605 2611
2606 2614
2606 2616
2607 2627
2607 2632
2608 2639
2608 2622
2609 2618
2610 2621
2611 2637
2612 2619
2613 2670
2614 2626
2615 2652
2616 2633
2617 2645
2617 2663
2618 2675
2618 2624
2619 2643
2620 2631
2622 2623
2625 2666
2626 2661
2627 2680
2628 2632
2630 2657
2633 2655
2634 2694
2636 2650
2636 2638
2639 2641
2639 2664
2640 2662
2640 2647
2641 2677
2642 2650
2642 2652
2643 2654
2643 2662
2644 2668
2644 2645
2646 2649
2646 2665
2648 2666
2649 2656
2650 2659
2651 2709
2653 2719
2655 2673
2656 2671
2657 2658
2659 2682
2660 2724
2662 2714
2664 2672
2666 2695
2667 2680
2667 2729
2668 2689
2669 2681
2670 2686
2671 2676
2672 2715
2673 2684
2674 2713
2675 2692
2676 2707
2677 2684
2677 2721
2678 2682
2679 2736
2680 2690
2681 2701
2682 2685
2683 2703
2685 2731
2686 2693
2687 2688
2688 2694
2689 2718
2689 2716
2690 2730
2691 2706
2692 2718
2694 2739
2695 2732
2695 2699
2696 2712
2696 2728
2697 2743
2698 2745
2698 2717
2699 2727
2700 2703
2701 2705
2702 2720
2703 2708
2703 2725
2704 2707
2705 2746
2706 2730
2707 2765
2708 2733
2709 2738
2709 2755
2710 2727
2711 2740
2712 2715
2713 2717
2713 2756
2714 2722
2716 2744
2718 2789
2719 2740
2720 2735
2721 2769
2722 2726
2723 2782
2724 2742
2724 2738
2725 2772
2726 2748
2726 2733
2729 2754
2731 2774
2732 2762
2734 2736
2734 2735
2735 2747
2736 2796
2737 2756
2737 2753
2739 2753
2739 2799
2740 2750
2741 2767
2742 2758
2743 2824
2744 2785
2745 2758
2746 2763
2746 2773
2747 2766
2748 2759
2749 2802
2750 2784
2750 2777
2751 2804
2751 2778
2752 2783
2752 2763
2754 2775
2754 2764
2755 2787
2757 2765
2758 2823
2759 2788
2760 2779
2761 2809
2762 2784
2762 2805
2765 2780
2765 2842
2766 2818
2767 2781
2768 2772
2769 2791
2769 2776
2770 2772
2771 2806
2772 2850
2773 2794
2774 2825
2775 2833
2776 2839
2777 2792
2778 2807
2778 2795
2779 2832
2780 2797
2781 2787
2782 2795
2783 2803
2784 2840
2786 2829
2786 2801
2789 2816
2790 2830
2791 2812
2792 2817
2793 2814
2793 2796
2794 2854
2795 2860
2797 2813
2798 2806
2799 2846
2799 2809
2800 2831
2802 2810
2802 2820
2803 2811
2804 2836
2806 2815
2808 2819
2809 2836
2810 2844
2811 2834
2812 2848
2813 2824
2814 2856
2815 2818
2816 2819
2817 2830
2819 2866
2821 2853
2821 2822
2822 2826
2823 2828
2824 2830
2824 2855
2825 2827
2825 2843
2827 2847
2828 2845
2829 2838
2831 2837
2832 2841
2834 2871
2835 2838
2837 2888
2838 2858
2839 2856
2840 2867
2841 2857
2844 2893
2845 2869
2846 2862
2847 2885
2849 2851
2851 2868
2852 2877
2853 2884
2855 2863
2856 2873
2857 2881
2858 2870
2858 2899
2858 2865
2859 2900
2860 2904
2861 2882
2862 2864
2864 2889
2865 2866
2867 2891
2867 2872
2868 2895
2869 2874
2870 2920
2871 2914
2873 2892
2874 2903
2875 2906
2876 2908
2877 2892
2878 2890
2879 2976
2880 2889
2880 2907
2881 2963
2882 2886
2883 2884
2883 2886
2884 2911
2885 2952
2886 2902
2887 2946
2888 2961
2889 2922
2890 2945
2890 2901
2891 2941
2892 2910
2893 2915
2893 2894
2895 2923
2896 2909
2897 2921
2898 2929
2899 2983
2900 2906
2902 2938
2903 2924
2904 2926
2905 2906
2905 2940
2906 2933
2907 2939
2907 2918
2908 2925
2909 2913
2910 2967
2910 2927
2911 2941
2912 2926
2913 2942
2913 2930
2914 2950
2914 2937
2915 2954
2915 2936
2916 2928
2917 2982
2918 2953
2919 2949
2920 2989
2921 2984
2922 2947
2923 2937
2924 2943
2925 2958
2926 2970
2927 2932
2928 2959
2929 2935
2930 2952
2931 2934
2932 2973
2933 2962
2934 2948
2935 2961
2936 2981
2938 2951
2939 2968
2940 2956
2941 2944
2942 2985
2943 2978
2944 2960
2945 2957
2946 3044
2946 2982
2948 3022
2949 2963
2950 2975
2954 3004
2955 3005
2956 2984
2957 2995
2957 2974
2957 2959
2958 2981
2958 2965
2960 2980
2960 2971
2961 2969
2962 3007
2963 2972
2964 2966
2965 2976
2966 2971
2967 2987
2969 2986
2970 2991
2971 3034
2972 3016
2973 2989
2975 3030
2976 2993
2977 2983
2978 3001
2978 3038
2978 2979
2980 2996
2981 3013
2982 3015
2985 2998
2985 3012
2986 3037
2987 3017
2988 3026
2988 2998
2990 3019
2991 3006
2992 3002
2992 3018
2993 2999
2994 3009
2994 2996
2994 3078
2995 3042
2997 3012
2999 3039
3000 3027
3001 3074
3002 3011
3002 3036
3003 3007
3003 3048
3004 3059
3005 3055
3006 3029
3007 3092
3007 3026
3008 3057
3009 3018
3010 3022
3011 3053
3013 3047
3014 3015
3015 3090
3016 3054
3017 3045
3017 3088
3019 3073
3020 3052
3020 3037
3021 3052
3022 3060
3023 3024
3023 3028
3023 3087
3024 3032
3025 3051
3027 3033
3028 3053
3030 3062
3031 3048
3032 3037
3033 3086
3033 3054
3034 3057
3035 3075
3037 3094
3038 3050
3039 3046
3039 3105
3040 3079
3041 3062
3042 3056
3043 3056
3044 3144
3046 3058
3047 3068
3049 3054
3049 3066
3050 3071
3050 3141
3051 3069
3052 3097
3055 3095
3055 3082
3056 3063
3059 3108
3060 3083
3061 3070
3062 3128
3063 3076
3064 3073
3064 3083
3065 3069
3066 3080
3067 3078
3068 3084
3069 3100
3070 3147
3072 3114
3073 3079
3073 3091
3075 3088
3075 3159
3076 3119
3077 3111
3078 3081
3079 3106
3080 3102
3081 3093
3083 3098
3084 3096
3085 3135
3085 3086
3087 3142
3088 3104
3089 3112
3089 3152
3092 3124
3093 3136
3095 3161
3097 3099
3098 3125
3099 3101
3100 3137
3101 3113
3102 3120
3102 3110
3103 3163
3103 3106
3104 3157
3105 3148
3106 3116
3107 3108
3107 3138
3108 3186
3109 3134
3110 3122
3110 3145
3111 3152
3111 3133
3112 3117
3113 3151
3114 3125
3114 3155
3115 3133
3115 3156
3117 3126
3118 3137
3118 3123
3119 3139
3119 3173
3119 3121
3121 3169
3122 3128
3123 3131
3123 3177
3124 3127
3126 3159
3127 3170
3128 3164
3129 3144
3130 3140
3132 3134
3132 3135
3134 3176
3135 3183
3136 3150
3137 3168
3139 3146
3140 3158
3140 3162
3141 3160
3143 3150
3143 3154
3143 3185
3144 3153
3146 3206
3147 3156
3147 3151
3148 3158
3148 3175
3149 3169
3151 3204
3152 3182
3153 3180
3155 3167
3156 3195
3160 3165
3161 3196
3162 3192
3163 3209
3165 3213
3166 3234
3168 3240
3170 3223
3170 3176
3171 3194
3172 3222
3172 3174
3175 3218
3177 3179
3177 3181
3177 3233
3178 3180
3179 3187
3180 3245
3183 3199
3183 3264
3184 3211
3185 3212
3186 3230
3187 3193
3187 3246
3188 3198
3188 3200
3189 3224
3190 3232
3191 3207
3194 3272
3195 3211
3195 3215
3196 3200
3196 3220
3197 3203
3197 3234
3198 3219
3199 3232
3201 3254
3202 3237
3203 3221
3203 3269
3204 3226
3205 3224
3206 3210
3207 3212
3207 3242
3208 3255
3208 3216
3209 3258
3210 3228
3211 3274
3212 3235
3214 3231
3215 3263
3217 3268
3218 3262
3219 3227
3220 3224
3221 3235
3222 3271
3223 3236
3223 3237
3224 3276
3225 3249
3226 3255
3227 3303
3227 3240
3228 3244
3229 3258
3230 3286
3230 3249
3231 3239
3232 3243
3233 3252
3234 3282
3236 3259
3238 3245
3238 3257
3238 3313
3239 3296
3241 3248
3242 3266
3244 3285
3245 3253
3246 3260
3247 3251
3247 3300
3248 3302
3250 3262
3250 3270
3251 3273
3252 3267
3253 3275
3254 3256
3255 3281
3256 3327
3256 3268
3258 3299
3259 3261
3260 3278
3261 3284
3263 3265
3265 3292
3266 3343
3269 3314
3271 3275
3272 3296
3272 3284
3273 3295
3274 3326
3275 3338
3277 3298
3277 3291
3279 3311
3280 3301
3282 3287
3282 3339
3283 3294
3283 3304
3284 3323
3285 3288
3286 3325
3287 3293
3288 3364
3289 3301
3289 3290
3290 3320
3291 3296
3292 3321
3294 3326
3295 3297
3297 3302
3298 3300
3298 3372
3299 3347
3301 3332
3302 3316
3302 3366
3303 3317
3304 3331
3305 3368
3306 3309
3306 3345
3307 3359
3307 3308
3307 3324
3309 3325
3310 3312
3310 3333
3310 3315
3311 3335
3312 3353
3314 3362
3315 3342
3316 3321
3317 3379
3318 3386
3318 3330
3318 3322
3319 3357
3321 3329
3322 3358
3323 3376
3324 3328
3325 3360
3326 3348
3327 3337
3327 3385
3329 3346
3331 3396
3332 3344
3334 3335
3334 3337
3335 3340
3336 3340
3336 3347
3338 3374
3339 3341
3339 3363
3340 3425
3341 3381
3342 3383
3344 3364
3345 3354
3346 3371
3348 3377
3349 3369
3350 3363
3351 3378
3352 3368
3353 3387
3355 3388
3355 3373
3356 3362
3356 3357
3358 3415
3359 3373
3359 3393
3360 3408
3360 3364
3361 3371
3361 3434
3362 3410
3363 3432
3365 3367
3365 3370
3366 3445
3367 3385
3368 3436
3369 3390
3372 3444
3374 3392
3374 3400
3375 3395
3376 3382
3378 3409
3379 3454
3379 3388
3380 3391
3382 3387
3383 3389
3384 3401
3385 3452
3385 3399
3386 3404
3387 3459
3389 3397
3389 3402
3390 3393
3390 3428
3391 3411
3392 3468
3393 3416
3394 3402
3394 3418
3395 3406
3396 3403
3397 3405
3398 3412
3400 3420
3401 3414
3403 3407
3404 3480
3405 3439
3406 3437
3407 3463
3408 3467
3409 3419
3410 3421
3411 3429
3412 3494
3413 3446
3413 3443
3414 3426
3415 3446
3416 3424
3416 3427
3417 3436
3418 3450
3419 3455
3421 3449
3421 3422
3423 3448
3423 3473
3424 3476
3425 3430
3425 3460
3426 3431
3426 3506
3427 3447
3429 3457
3429 3442
3430 3443
3430 3487
3431 3438
3432 3502
3433 3434
3435 3489
3435 3470
3436 3474
3437 3492
3438 3444
3439 3448
3440 3461
3440 3485
3441 3442
3442 3475
3445 3453
3448 3451
3449 3466
3452 3481
3454 3479
3455 3504
3456 3488
3456 3461
3457 3553
3458 3529
3458 3489
3459 3533
3462 3478
3463 3471
3464 3483
3465 3494
3466 3469
3467 3503
3467 3472
3468 3509
3469 3512
3471 3507
3472 3501
3473 3478
3473 3511
3474 3486
3476 3477
3476 3537
3477 3518
3478 3480
3479 3484
3480 3520
3481 3514
3481 3493
3482 3502
3482 3516
3483 3492
3484 3555
3484 3495
3485 3492
3486 3526
3487 3522
3488 3527
3490 3506
3491 3504
3492 3573
3493 3545
3494 3513
3495 3497
3496 3505
3497 3550
3498 3501
3498 3508
3499 3530
3499 3574
3500 3514
3502 3510
3503 3571
3504 3515
3505 3510
3506 3604
3507 3538
3508 3525
3509 3549
3511 3528
3512 3532
3513 3531
3514 3558
3515 3601
3517 3535
3518 3530
3519 3586
3520 3540
3521 3539
3523 3545
3523 3575
3524 3566
3525 3527
3526 3547
3527 3541
3528 3607
3528 3583
3529 3538
3529 3546
3531 3556
3531 3535
3532 3554
3532 3646
3533 3587
3533 3576
3534 3536
3534 3579
3536 3540
3538 3591
3539 3597
3541 3562
3542 3580
3542 3547
3543 3572
3543 3561
3544 3577
3544 3571
3545 3569
3546 3606
3547 3602
3548 3582
3549 3561
3549 3570
3551 3585
3552 3617
3553 3563
3555 3559
3555 3605
3556 3596
3557 3578
3559 3609
3560 3564
3560 3590
3561 3592
3562 3586
3562 3643
3563 3645
3563 3577
3564 3582
3565 3612
3565 3568
3566 3568
3566 3625
3567 3573
3567 3626
3567 3580
3570 3631
3571 3593
3572 3581
3573 3594
3574 3595
3575 3610
3576 3654
3578 3614
3579 3661
3580 3657
3581 3618
3582 3587
3584 3594
3584 3624
3585 3588
3585 3648
3588 3591
3589 3627
3589 3677
3593 3621
3595 3628
3596 3642
3597 3637
3597 3599
3597 3608
3598 3651
3598 3601
3599 3600
3601 3641
3602 3638
3603 3647
3604 3619
3605 3616
3608 3613
3609 3639
3610 3640
3611 3613
3611 3612
3613 3656
3614 3625
3615 3619
3617 3652
3618 3640
3620 3643
3621 3649
3622 3630
3622 3662
3622 3642
3623 3642
3623 3665
3624 3629
3625 3634
3626 3683
3627 3632
3628 3659
3629 3644
3630 3638
3632 3633
3633 3695
3635 3673
3636 3657
3637 3682
3639 3666
3640 3669
3641 3670
3643 3655
3644 3658
3645 3675
3646 3647
3647 3651
3647 3687
3648 3663
3649 3686
3650 3671
3652 3706
3653 3681
3654 3734
3658 3691
3659 3672
3660 3661
3660 3680
3661 3684
3663 3664
3663 3693
3664 3682
3665 3667
3665 3668
3666 3685
3667 3739
3669 3694
3670 3709
3671 3695
3671 3710
3672 3681
3673 3684
3673 3703
3674 3711
3675 3700
3676 3689
3676 3678
3679 3701
3681 3689
3682 3715
3684 3735
3685 3730
3686 3699
3687 3762
3688 3707
3690 3694
3690 3692
3691 3768
3692 3728
3693 3772
3693 3714
3694 3708
3695 3763
3696 3729
3696 3700
3696 3704
3697 3704
3698 3708
3699 3721
3701 3702
3701 3722
3702 3728
3705 3733
3705 3713
3706 3722
3707 3718
3708 3741
3709 3712
3710 3716
3711 3761
3712 3726
3713 3748
3714 3720
3715 3789
3716 3769
3717 3742
3718 3727
3719 3827
3720 3723
3721 3753
3724 3777
3725 3780
3727 3747
3729 3804
3730 3732
3730 3760
3731 3734
3731 3766
3732 3739
3732 3757
3733 3734
3733 3773
3735 3746
3736 3741
3736 3796
3737 3742
3737 3751
3738 3741
3738 3770
3739 3759
3740 3745
3741 3784
3742 3767
3743 3764
3744 3762
3744 3788
3745 3753
3746 3754
3747 3775
3747 3749
3748 3750
3749 3783
3750 3775
3752 3753
3753 3781
3754 3842
3755 3772
3756 3761
3756 3800
3758 3767
3758 3816
3759 3779
3760 3817
3761 3798
3762 3797
3763 3810
3764 3776
3764 3809
3765 3774
3766 3786
3767 3802
3768 3778
3769 3819
3770 3793
3771 3818
3773 3791
3774 3821
3775 3795
3776 3807
3777 3826
3778 3790
3779 3799
3780 3814
3781 3811
3781 3808
3782 3804
3782 3794
3783 3787
3785 3803
3785 3804
3786 3836
3787 3805
3788 3807
3789 3840
3791 3841
3792 3796
3792 3806
3793 3830
3796 3849
3797 3843
3798 3815
3801 3812
3802 3828
3803 3825
3805 3834
3808 3848
3809 3810
3810 3838
3811 3831
3812 3866
3813 3816
3814 3822
3815 3833
3816 3855
3817 3854
3818 3844
3819 3825
3820 3850
3820 3827
3821 3826
3822 3823
3823 3873
3823 3844
3824 3841
3825 3837
3826 3834
3828 3856
3829 3839
3832 3835
3833 3846
3833 3867
3835 3845
3838 3892
3839 3874
3840 3853
3841 3921
3842 3862
3845 3906
3846 3857
3847 3875
3847 3857
3848 3872
3849 3878
3850 3853
3851 3891
3852 3860
3853 3979
3854 3888
3856 3904
3856 3874
3858 3878
3859 3887
3859 3883
3860 3865
3861 3862
3861 3866
3861 3897
3863 3877
3863 3871
3864 3909
3865 3907
3866 3899
3868 3872
3868 3900
3869 3870
3869 3881
3870 3894
3871 3910
3873 3918
3875 3924
3876 3903
3877 3896
3878 3967
3879 3881
3879 3902
3880 3888
3880 3887
3882 3888
3882 3893
3883 3925
3884 3930
3885 3901
3886 3891
3888 3913
3889 3892
3890 3961
3890 3917
3891 3919
3892 3894
3892 3948
3893 3959
3895 3991
3895 3920
3896 3905
3896 3929
3897 3935
3898 3938
3899 3951
3899 3919
3900 3905
3900 3953
3901 3960
3902 3936
3902 3907
3903 3920
3903 3914
3904 3946
3906 3927
3907 3928
3908 3918
3908 3915
3909 3915
3909 3923
3910 3970
3911 3977
3912 3976
3915 3950
3916 3934
3918 3940
3919 3968
3921 3937
3922 3928
3922 3943
3924 3972
3924 3944
3925 3945
3926 3973
3927 3943
3927 4028
3928 4027
3930 3975
3931 3966
3932 3980
3933 3934
3933 3952
3934 3938
3935 3947
3936 3939
3936 4004
3937 3997
3937 3960
3938 3945
3940 3962
3941 3958
3941 3977
3942 3990
3944 3958
3946 3957
3947 3984
3948 4040
3949 4000
3950 3963
3950 4007
3952 4013
3954 3965
3955 3974
3956 3970
3957 3988
3959 3962
3959 3981
3961 3992
3964 3968
3964 4009
3965 3978
3966 3969
3966 4012
3967 4002
3967 3973
3969 3973
3969 4022
3970 3986
3971 4019
3972 3994
3974 3979
3974 3987
3975 4016
3976 4008
3976 3993
3977 3980
3977 4024
3978 4003
3979 4079
3981 4014
3982 4005
3983 3987
3983 3990
3984 3989
3985 4002
3985 4049
3986 3999
3988 4010
3989 4023
3990 4053
3991 4025
3992 4026
3993 4035
3994 4028
3994 3996
3994 4075
3995 3999
3996 4030
3997 4015
3997 3998
3999 4036
4000 4032
4001 4014
4001 4019
4001 4076
4003 4021
4004 4052
4005 4034
4005 4017
4006 4041
4007 4089
4008 4010
4009 4043
4010 4013
4011 4048
4011 4016
4012 4029
4013 4020
4015 4037
4016 4047
4017 4038
4018 4045
4019 4095
4020 4044
4020 4042
4021 4040
4023 4057
4023 4032
4023 4031
4024 4058
4025 4062
4026 4035
4029 4090
4031 4059
4033 4046
4033 4050
4034 4066
4035 4065
4036 4039
4037 4071
4038 4070
4039 4067
4040 4082
4041 4045
4041 4051
4042 4054
4043 4087
4044 4045
4045 4078
4046 4056
4047 4077
4048 4083
4050 4060
4052 4073
4053 4061
4055 4062
4056 4064
4058 4088
4060 4062
4063 4071
4064 4077
4066 4067
4067 4074
4068 4095
4068 4069
4069 4091
4071 4096
4071 4085
4072 4081
4072 4080
4076 4084
4079 4094
4081 4082
4083 4085
4086 4089
4087 4092
4092 4093
