-2 -5
-4 -10
-7 -14
-13 -16
-15 -16
-20 -22
-20 -26
-18 -31
-13 -31
-7 -28
-3 -29
-6 -23
-2 -20
6 -19
9 -20
10 -18
13 -16
14 -8
15 -8
19 -6
13 4
7 8
8 14
14 17
14 11
22 9
25 8
23 13
27 17
38 23
33 15
37 10
44 10
44 8
39 0
39 -6
34 -7
28 -3
29 -6
24 -12
21 -13
20 -20
13 -27
18 -37
23 -39
22 -44
15 -46
23 -55
12 -54
13 -60
10 -65
5 -63
1 -65
-1 -63
-4 -66
1 -78
13 -81
14 -84
8 -88
-4 -92
-2 -98
8 -98
17 -96
21 -90
22 -86
27 -86
28 -88
33 -97
38 -89
39 -85
41 -83
45 -94
47 -94
57 -96
55 -84
51 -82
47 -82
47 -74
43 -71
30 -75
28 -72
27 -70
32 -67
32 -59
38 -56
40 -58
42 -57
43 -56
47 -60
55 -53
55 -51
53 -44
64 -43
77 -49
79 -41
88 -47
87 -54
82 -63
81 -66
79 -67
75 -61
73 -59
67 -61
63 -57
63 -62
62 -68
61 -78
71 -80
73 -75
75 -74
81 -74
86 -80
82 -83
78 -83
85 -90
86 -90
82 -92
87 -99
97 -97
92 -91
96 -81
100 -79
94 -71
93 -66
98 -61
99 -54
97 -46
95 -44
93 -35
93 -33
98 -32
92 -29
93 -22
88 -27
76 -23
75 -30
67 -32
64 -29
63 -28
59 -23
64 -19
59 -20
56 -19
53 -26
47 -32
44 -45
37 -49
34 -40
34 -36
25 -32
30 -31
31 -31
35 -30
33 -23
32 -20
36 -20
47 -11
48 -11
49 0
56 4
58 -7
60 -12
69 -7
70 -10
78 -7
92 -4
94 -5
98 2
93 1
81 13
69 17
58 17
58 20
50 24
53 30
52 38
58 36
58 38
61 41
64 38
65 37
69 40
61 46
57 51
53 49
49 51
44 56
44 58
43 52
47 46
44 39
36 40
37 38
36 33
30 36
28 38
27 40
25 45
24 54
26 56
28 58
23 61
21 72
19 74
25 72
29 67
34 71
30 81
35 81
38 82
41 80
47 83
53 79
64 75
57 65
64 60
73 54
81 50
84 38
91 35
95 52
92 52
90 54
93 56
99 58
99 59
91 59
81 61
81 73
81 76
85 76
87 73
94 68
97 80
99 93
94 91
84 94
77 98
79 88
75 86
58 85
52 100
45 96
34 97
23 87
21 86
-4 96
-11 97
-17 82
-22 86
-28 83
-29 78
-29 83
-32 90
-34 96
-39 95
-44 97
-51 97
-41 75
-41 68
-44 69
-53 62
-56 74
-58 76
-63 67
-68 63
-74 62
-77 76
-77 77
-72 79
-70 82
-72 89
-75 86
-81 83
-82 87
-87 95
-94 96
-94 82
-93 81
-97 78
-99 76
-95 75
-94 70
-86 68
-87 66
-91 59
-89 53
-91 51
-90 43
-82 38
-81 48
-77 51
-76 50
-69 47
-64 41
-59 38
-56 38
-54 40
-50 44
-47 46
-42 46
-39 46
-34 51
-34 59
-22 62
-21 68
-14 72
-2 70
3 68
4 71
10 70
10 62
9 58
11 57
9 55
9 50
4 51
6 56
0 58
-4 60
-9 65
-12 61
-14 55
-10 53
-10 50
-13 48
-8 45
3 44
8 43
12 36
20 34
20 32
10 26
10 25
2 24
-8 26
-7 29
-9 31
-12 37
-19 42
-19 34
-24 28
-18 24
-24 14
-27 15
-30 11
-37 7
-40 24
-34 31
-38 39
-50 31
-58 28
-67 28
-74 34
-78 27
-83 31
-86 26
-88 31
-90 32
-94 28
-91 24
-93 18
-84 18
-88 4
-94 3
-98 3
-96 -4
-95 -9
-92 -22
-100 -25
-100 -28
-92 -33
-92 -34
-83 -40
-81 -50
-86 -48
-94 -42
-97 -46
-92 -50
-96 -55
-97 -59
-94 -66
-92 -67
-92 -71
-99 -74
-99 -80
-96 -80
-92 -85
-92 -84
-85 -80
-82 -82
-82 -81
-82 -79
-81 -77
-80 -75
-84 -67
-86 -60
-77 -63
-76 -67
-73 -71
-73 -72
-71 -71
-67 -65
-66 -60
-62 -71
-64 -71
-69 -76
-69 -77
-75 -87
-85 -89
-83 -92
-78 -96
-72 -94
-67 -96
-64 -93
-56 -92
-56 -81
-49 -84
-45 -82
-37 -83
-34 -88
-38 -88
-44 -93
-37 -95
-33 -96
-27 -90
-22 -100
-20 -95
-18 -84
-27 -83
-31 -75
-37 -73
-35 -72
-35 -71
-25 -64
-25 -59
-17 -54
-13 -57
-12 -55
-13 -50
-10 -52
-3 -54
3 -54
1 -48
-6 -42
-15 -41
-21 -40
-26 -42
-29 -44
-28 -57
-31 -56
-38 -60
-44 -63
-47 -58
-52 -59
-51 -54
-43 -47
-48 -42
-52 -41
-57 -43
-68 -33
-68 -30
-66 -27
-69 -26
-73 -26
-83 -16
-78 -13
-81 -5
-70 2
-66 3
-67 8
-57 13
-59 8
-54 5
-59 -2
-61 -4
-66 -6
-64 -13
-48 -10
-50 -16
-51 -28
-47 -32
-42 -33
-36 -30
-30 -23
-35 -20
-34 -18
-29 -12
-23 -1
-20 -3
-20 -6
-13 -6
-16 2
-9 6
-8 6
-2 8
4 6
