-2 2
11 20
33 20
52 23
52 28
39 40
17 48
18 53
9 55
10 53
8 39
-6 52
-25 39
-45 68
-49 77
-61 76
-93 70
-95 74
-93 88
-90 86
-84 87
-68 98
-38 91
-11 94
4 83
7 80
10 77
31 67
40 84
54 98
82 99
74 78
58 76
66 60
74 59
68 43
95 22
95 -1
70 8
62 9
59 -2
54 -1
59 -20
73 -30
72 -39
68 -48
91 -49
99 -77
100 -89
79 -80
82 -92
77 -96
64 -99
56 -92
55 -92
49 -93
45 -98
39 -86
30 -89
21 -92
9 -88
1 -93
-10 -76
-26 -57
-36 -50
-41 -63
-44 -64
-49 -86
-59 -84
-75 -83
-81 -90
-89 -94
-89 -88
-85 -75
-75 -72
-81 -68
-80 -66
-89 -62
-83 -49
-67 -45
-95 -30
-74 4
-64 1
-48 12
-26 9
-38 -18
-40 -22
-29 -18
-20 -19
-7 -38
4 -45
28 -57
32 -61
33 -72
37 -69
48 -54
27 -39
39 -17
25 -18
11 -12
