-130 -102
-268 -319
-85 -556
-22 -537
-41 -964
-390 -593
-630 -615
-739 -208
-834 102
-1224 -787
-1379 -915
-1250 -985
-1221 -1071
-980 -1304
-913 -1273
-833 -1113
-764 -959
-636 -965
-440 -1215
-297 -1734
-568 -1951
-588 -1827
-1196 -1698
-1249 -1744
-1505 -1985
-1423 -1596
-1653 -1303
-1733 -958
-1663 -772
-1949 -522
-1939 -149
-1749 119
-1869 302
-1941 543
-1678 501
-1520 399
-1437 508
-1069 884
-1149 1131
-1358 1200
-1708 989
-1847 1177
-1908 1714
-1292 1995
-1260 1668
-582 1644
-651 1403
-475 1416
-429 1384
-473 1265
-560 1039
-118 898
11 1364
222 1664
1259 1814
1461 1991
1928 1456
1573 1341
1432 1057
1623 1167
1733 1069
1967 806
1965 663
1759 611
1342 632
1261 276
1336 147
1376 210
1599 115
1996 -395
1851 -617
1920 -829
1726 -1018
1193 -1381
1502 -1603
1604 -1743
1488 -1680
1128 -1766
1031 -1785
1016 -1986
427 -1765
213 -1792
276 -1626
604 -1532
872 -865
1079 -763
1337 -350
1434 -259
1173 -289
1055 -114
1011 3
693 -200
656 -35
784 172
865 515
848 824
498 663
347 679
351 353
-44 270
