86 -1
89 -2
88 -5
89 -6
87 -7
86 -6
86 -5
85 -5
84 -3
84 -2
85 -2
85 -1
85 0
85 1
86 2
87 2
89 3
90 3
91 2
92 -5
93 -4
92 -3
92 -1
92 0
94 -1
96 -1
96 0
96 1
97 1
95 2
95 5
95 4
93 4
91 5
90 6
89 6
87 7
86 7
86 9
86 10
87 10
88 10
88 9
83 7
82 6
81 6
80 6
80 7
78 6
77 3
77 1
78 0
79 1
83 1
84 3
81 3
82 3
82 2
82 0
81 0
81 -1
82 -2
82 -3
82 -4
81 -5
81 -7
80 -9
81 -11
81 -13
80 -13
80 -15
83 -12
83 -15
84 -14
88 -14
86 -14
86 -16
87 -18
90 -18
88 -20
86 -20
86 -21
87 -22
90 -23
89 -24
88 -25
88 -27
89 -27
89 -28
89 -29
90 -29
91 -29
91 -30
91 -31
89 -31
89 -30
87 -30
88 -29
86 -28
86 -31
85 -31
85 -32
85 -34
84 -34
84 -35
82 -35
81 -35
80 -35
80 -34
81 -34
80 -36
78 -36
78 -37
78 -38
78 -39
79 -39
79 -40
79 -41
79 -44
77 -44
76 -45
75 -45
74 -43
76 -43
77 -43
78 -43
78 -42
79 -42
80 -42
81 -42
81 -44
80 -44
80 -45
81 -45
82 -48
81 -48
80 -47
80 -49
79 -49
78 -49
78 -48
78 -46
77 -47
76 -49
77 -49
77 -50
77 -51
76 -52
75 -54
75 -55
74 -55
72 -55
73 -56
73 -57
72 -59
72 -61
71 -62
70 -62
70 -63
70 -64
69 -64
68 -62
68 -57
70 -58
70 -55
70 -53
66 -52
65 -54
67 -54
67 -55
67 -56
67 -58
67 -60
65 -61
64 -61
64 -59
63 -59
63 -57
63 -55
63 -54
63 -52
64 -52
64 -50
65 -50
68 -50
69 -48
70 -47
70 -46
71 -46
68 -46
68 -45
67 -44
67 -42
68 -42
68 -43
68 -41
67 -41
67 -40
68 -40
69 -40
69 -41
69 -37
71 -38
72 -39
75 -39
75 -37
75 -36
76 -36
76 -37
76 -38
82 -40
83 -41
83 -42
83 -43
83 -46
85 -46
85 -47
85 -49
85 -51
86 -51
87 -51
88 -50
89 -49
87 -49
88 -48
88 -47
87 -45
86 -44
88 -42
87 -42
86 -42
86 -41
86 -40
86 -39
89 -39
89 -38
87 -38
87 -37
87 -36
87 -34
89 -34
92 -35
91 -34
92 -33
93 -33
93 -32
94 -32
94 -30
94 -29
94 -27
95 -27
95 -26
97 -26
98 -25
99 -25
99 -26
99 -29
99 -30
97 -32
95 -33
95 -34
95 -36
95 -37
93 -38
93 -40
92 -40
91 -39
90 -39
90 -40
90 -42
90 -43
90 -44
90 -46
91 -47
93 -47
92 -48
93 -44
96 -42
97 -40
98 -40
98 -37
99 -36
100 -35
100 -34
100 -39
100 -41
100 -42
100 -44
100 -47
100 -51
99 -49
98 -49
95 -50
94 -50
94 -51
95 -51
97 -51
97 -52
98 -52
99 -53
98 -54
98 -55
97 -55
96 -54
94 -54
93 -55
92 -55
92 -54
93 -54
93 -53
93 -52
93 -51
92 -50
91 -51
90 -52
90 -54
90 -55
88 -55
88 -56
87 -57
85 -57
85 -55
84 -52
86 -52
87 -52
87 -53
80 -53
80 -54
81 -54
82 -54
82 -52
83 -53
83 -55
83 -56
81 -56
80 -56
79 -56
80 -59
79 -59
78 -59
78 -60
79 -60
77 -59
76 -59
75 -59
74 -59
74 -60
74 -62
75 -62
78 -63
78 -65
77 -65
76 -65
76 -64
77 -64
80 -64
79 -66
80 -66
81 -66
78 -68
77 -68
76 -66
75 -66
74 -64
72 -65
73 -65
73 -66
74 -67
73 -68
74 -68
75 -68
75 -69
76 -70
77 -71
77 -74
76 -75
75 -74
73 -73
73 -72
72 -72
71 -71
72 -70
67 -71
69 -71
69 -68
69 -67
68 -67
68 -66
65 -66
66 -66
66 -65
66 -68
64 -68
64 -69
64 -71
63 -72
63 -74
65 -74
66 -75
66 -76
67 -76
69 -76
69 -75
71 -76
71 -78
70 -78
68 -78
69 -80
69 -81
73 -81
75 -77
75 -78
76 -78
76 -79
79 -80
85 -81
85 -80
85 -79
86 -79
86 -78
87 -79
87 -83
87 -85
88 -84
88 -85
89 -85
90 -85
90 -87
90 -89
90 -90
90 -91
92 -91
92 -90
92 -88
92 -87
92 -86
92 -85
93 -85
94 -86
95 -85
96 -84
97 -84
99 -85
100 -85
100 -86
100 -87
100 -89
100 -90
100 -93
99 -92
98 -92
96 -92
96 -90
94 -90
93 -89
93 -82
93 -80
91 -80
91 -81
91 -82
90 -82
90 -81
90 -79
92 -79
92 -78
89 -78
88 -77
88 -76
87 -76
89 -75
91 -75
90 -73
92 -73
92 -74
93 -74
94 -74
94 -76
95 -76
96 -76
96 -77
97 -77
97 -75
100 -76
99 -78
98 -81
99 -68
98 -59
100 -63
98 -62
98 -63
97 -64
97 -65
96 -63
97 -63
97 -62
96 -62
96 -61
95 -61
95 -59
94 -59
93 -59
93 -62
91 -61
91 -63
91 -64
92 -64
94 -65
94 -66
93 -67
93 -71
91 -71
89 -70
83 -75
83 -76
82 -78
81 -78
80 -78
80 -76
79 -75
80 -73
80 -72
81 -70
82 -68
82 -69
82 -71
83 -71
84 -71
85 -69
87 -69
88 -68
90 -67
89 -66
86 -66
84 -66
84 -64
85 -64
85 -65
87 -65
87 -63
89 -63
89 -62
89 -58
84 -58
83 -60
83 -61
84 -62
85 -61
79 -33
80 -33
80 -32
80 -30
80 -29
81 -29
81 -31
82 -32
83 -30
100 -24
95 -23
96 -24
93 -25
94 -24
94 -22
93 -21
92 -19
94 -19
95 -18
99 -8
100 -11
99 -12
99 -13
100 -14
100 -17
99 -18
98 -18
98 -16
97 -15
96 -14
94 -14
94 -15
95 -15
96 -16
93 -16
92 -15
91 -14
92 -13
90 -12
90 -11
90 -10
89 -11
87 -12
86 -10
85 -9
88 -9
91 -8
93 -7
93 -9
94 -9
94 -11
95 -11
95 -8
96 -8
97 -8
97 -9
97 -10
97 -6
98 -4
99 -4
99 -5
100 -4
100 -2
100 2
100 16
100 21
100 22
97 22
98 21
98 20
97 20
94 20
95 21
95 23
95 24
94 25
94 26
94 27
95 28
95 29
98 29
97 29
97 28
99 28
100 30
99 31
100 33
100 34
100 35
99 35
98 35
98 36
99 36
99 39
99 41
98 42
98 43
100 43
100 45
96 45
96 44
95 43
92 40
93 40
93 42
92 43
92 42
91 42
91 41
90 41
89 40
90 39
90 38
91 37
90 36
94 35
94 34
93 33
92 34
92 35
93 36
93 37
93 38
94 38
95 39
96 39
96 38
96 37
96 36
96 34
93 31
91 32
89 32
90 33
88 34
87 35
88 38
87 41
87 40
86 39
85 40
85 38
84 38
83 37
80 36
79 37
78 37
78 38
79 38
80 39
82 39
81 40
78 40
79 41
79 44
78 44
77 44
75 37
76 37
76 34
77 32
80 32
82 34
84 34
85 33
85 31
85 29
86 29
87 28
86 27
85 26
86 25
87 24
88 24
90 25
90 27
91 27
96 27
98 26
98 24
98 23
99 23
99 25
99 98
100 98
100 99
99 100
98 100
96 100
96 98
96 97
96 95
98 95
99 94
100 95
100 96
99 91
100 90
100 89
81 87
80 86
79 87
79 88
78 88
78 90
78 91
77 91
76 93
77 93
77 94
78 95
79 96
79 98
79 99
80 99
82 99
82 100
78 100
74 99
75 96
74 92
72 92
70 93
71 94
72 95
73 95
73 96
72 97
70 98
68 99
67 99
66 99
66 97
65 98
65 96
65 95
66 94
64 94
62 95
60 97
61 98
61 99
64 99
64 100
69 96
53 95
52 95
52 94
51 94
51 91
50 91
50 90
52 90
54 90
54 91
54 93
56 93
55 92
58 90
58 87
60 87
62 86
62 85
62 84
63 84
63 83
63 81
61 80
61 81
61 82
58 82
58 81
59 85
58 85
57 85
56 84
66 84
64 87
64 88
64 89
65 89
65 88
65 86
67 86
67 87
68 87
68 88
69 89
69 90
67 92
66 92
66 91
65 92
62 91
61 91
59 92
60 92
60 94
59 95
57 95
57 96
58 97
58 98
58 100
56 100
55 100
56 98
52 98
52 99
51 99
50 98
48 98
46 94
47 94
48 94
48 93
49 93
47 93
47 92
45 92
40 98
41 98
43 98
44 98
44 95
43 94
42 94
41 94
40 93
39 92
38 93
39 94
34 91
28 88
29 86
26 86
24 84
23 83
23 81
22 82
21 83
21 81
21 79
20 79
19 79
17 77
17 75
20 75
21 73
23 73
23 72
24 71
26 72
26 70
26 68
25 69
24 69
24 68
24 67
23 67
21 67
21 68
19 68
19 69
18 70
17 70
15 71
14 71
13 71
13 70
12 70
11 70
10 69
10 67
9 67
8 68
7 68
7 65
5 65
4 64
3 63
3 61
2 61
1 61
0 62
0 60
0 59
1 59
2 60
5 60
5 59
7 58
7 57
8 57
8 55
9 55
10 56
12 56
12 58
10 59
8 59
8 60
7 60
7 61
10 63
12 65
12 61
12 62
13 63
14 62
14 61
15 61
15 60
16 59
17 60
18 58
19 57
19 59
21 59
21 60
23 60
23 61
22 61
20 61
20 64
21 63
22 65
24 62
25 63
27 63
27 62
26 60
25 60
24 59
23 58
22 56
21 54
21 51
20 50
19 48
14 49
11 48
11 47
11 46
13 46
15 45
16 47
17 48
17 50
18 52
17 54
17 55
15 56
14 55
14 57
1 55
-5 59
-5 63
-6 63
-6 62
-7 62
-9 61
-12 61
-12 62
-11 62
-11 59
-11 57
-10 57
-8 56
-14 58
-16 58
-17 59
-17 60
-17 62
-17 61
-18 61
-19 61
-21 61
-20 60
-19 59
-20 57
-20 55
-19 54
-16 51
-15 51
-15 49
-14 48
-13 48
-13 47
-14 46
-12 46
-9 46
-9 47
-6 47
-5 48
-5 45
-4 43
-5 41
-5 39
-7 44
-9 42
-10 39
-9 38
-8 39
-7 40
-7 37
-7 36
-7 35
-7 34
-5 35
-4 34
-4 33
-3 33
-1 34
-2 34
-2 36
-1 37
0 39
-1 40
0 42
-2 42
-2 44
-2 46
-1 46
1 46
1 45
2 45
4 45
4 42
3 41
3 40
4 40
4 38
-16 39
-18 38
-17 36
-15 36
-14 35
-13 36
-13 40
-14 43
-14 44
-20 45
-21 45
-22 46
-22 49
-22 50
-25 51
-27 50
-28 51
-29 50
-29 52
-28 52
-27 52
-26 52
-25 52
-25 53
-25 54
-27 54
-28 53
-28 55
-29 56
-31 56
-32 57
-33 57
-33 59
-33 60
-32 60
-31 60
-30 59
-25 62
-22 62
-23 63
-23 60
-23 59
-22 59
-21 59
-21 58
-22 58
-22 55
-24 56
-24 57
-25 57
-25 59
-26 59
-28 61
-29 62
-28 62
-28 63
-29 65
-30 65
-30 67
-31 68
-30 69
-30 70
-32 69
-33 70
-37 69
-38 70
-39 69
-41 69
-40 68
-40 67
-39 67
-38 67
-37 67
-36 66
-34 66
-32 63
-34 61
-35 62
-36 62
-37 63
-36 59
-37 57
-36 55
-34 55
-33 54
-33 53
-33 52
-32 52
-32 51
-31 51
-29 47
-28 47
-26 47
-25 47
-25 46
-27 46
-26 45
-24 45
-24 44
-24 40
-24 39
-26 39
-34 32
-33 33
-33 35
-35 35
-36 34
-37 35
-41 35
-41 34
-42 34
-43 33
-44 33
-44 34
-44 35
-44 36
-46 34
-46 32
-46 31
-47 30
-48 28
-50 28
-50 26
-52 26
-53 25
-52 24
-51 22
-51 21
-51 20
-53 20
-54 19
-58 20
-58 18
-56 18
-56 19
-56 20
-57 20
-57 21
-57 22
-55 24
-54 27
-53 27
-53 29
-54 29
-54 30
-55 30
-54 31
-54 32
-54 33
-55 33
-52 36
-51 34
-52 33
-51 32
-49 32
-49 31
-49 35
-50 36
-48 36
-49 16
-44 1
-44 3
-44 4
-41 5
-40 8
-40 9
-40 10
-41 10
-42 10
-42 9
-49 8
-50 7
-50 -1
-48 -1
-47 -3
-45 -2
-44 -2
-43 -2
-41 -2
-41 0
-42 0
-42 2
-41 3
-39 3
-38 3
-38 2
-38 6
-37 7
-36 7
-36 8
-34 8
-33 7
-32 7
-32 8
-30 8
-29 9
-30 10
-31 11
-30 12
-29 11
-27 11
-28 13
-26 13
-25 14
-25 12
-25 10
-25 9
-21 10
-22 10
-22 11
-22 12
-22 14
-22 17
-21 16
-20 16
-20 14
-18 14
-14 14
-15 15
-15 16
-16 16
-17 17
-17 19
-17 22
-16 24
-17 25
-18 28
-19 27
-20 29
-20 30
-22 32
-22 34
-22 35
-20 35
-20 33
-19 33
-16 33
-16 30
-17 30
-17 29
-16 29
-16 28
-15 27
-14 26
-13 26
-12 26
-12 28
-14 29
-14 30
-14 31
-11 31
-11 32
-9 35
-9 29
-9 24
-9 25
-8 25
-7 23
-7 21
-5 20
-4 21
-4 19
-3 19
-3 18
-2 18
-1 18
1 17
1 16
0 16
-1 15
-2 15
-4 15
-3 17
-4 17
-5 17
-5 16
-6 16
-6 17
-6 18
-9 13
-8 12
-6 13
-6 15
-7 15
-8 15
-10 15
-12 16
-12 13
-12 11
-14 11
-15 11
-16 10
-17 9
-17 5
-15 6
-14 6
-14 7
-15 7
-16 7
-18 7
-19 6
-20 5
-19 3
-19 2
-20 1
-18 1
-18 0
-18 -1
-18 -2
-17 -2
-18 -3
-19 -3
-19 -4
-20 -5
-22 -5
-23 -4
-22 -4
-22 -3
-20 -2
-24 0
-26 0
-26 -2
-27 -2
-25 -3
-30 2
-29 2
-29 4
-28 4
-30 6
-33 4
-34 4
-35 3
-35 -1
-36 -2
-37 -6
-36 -5
-36 -4
-35 -4
-34 -5
-35 -6
-35 -7
-36 -7
-36 -9
-36 -10
-36 -11
-35 -12
-34 -11
-33 -8
-32 -8
-30 -7
-30 -5
-28 -5
-28 -6
-28 -7
-27 -7
-26 -7
-26 -6
-24 -6
-24 -7
-24 -9
-25 -9
-29 -9
-30 -11
-30 -12
-32 -12
-32 -14
-30 -14
-31 -15
-29 -15
-28 -15
-27 -15
-27 -16
-25 -16
-23 -17
-23 -16
-22 -16
-20 -16
-19 -15
-19 -13
-18 -12
-17 -12
-19 -10
-20 -9
-20 -8
-22 -8
-23 -13
-24 -13
-24 -14
-29 -17
-29 -19
-31 -19
-30 -18
-19 -22
-17 -22
-17 -21
-16 -21
-16 -19
-15 -15
-11 -16
-10 -17
-15 -1
-15 -2
-15 -6
-12 -6
-11 -6
-13 -8
-14 -10
-13 -11
-13 -10
-12 -10
-10 -9
-9 -11
-10 -11
-10 -12
-10 -14
-11 -14
-12 -14
-13 -15
-13 -17
-12 -17
-12 -18
-12 -20
-13 -20
-14 -21
-14 -23
-15 -23
-16 -25
-19 -26
-19 -27
-20 -28
-21 -27
-21 -25
-21 -24
-22 -24
-23 -23
-24 -23
-24 -22
-25 -22
-27 -21
-28 -23
-29 -23
-29 -24
-30 -23
-31 -22
-33 -20
-35 -19
-35 -21
-35 -22
-34 -23
-34 -26
-36 -26
-36 -24
-38 -24
-38 -27
-39 -26
-41 -28
-41 -29
-42 -30
-44 -29
-46 -29
-46 -31
-47 -31
-50 -31
-49 -32
-48 -33
-49 -35
-50 -35
-50 -34
-51 -34
-52 -33
-53 -32
-53 -31
-55 -31
-55 -30
-55 -28
-55 -27
-54 -26
-57 -25
-59 -24
-60 -25
-61 -25
-63 -25
-63 -24
-62 -23
-63 -21
-64 -22
-65 -23
-66 -23
-68 -23
-68 -21
-67 -19
-67 -18
-66 -18
-66 -17
-64 -19
-62 -18
-61 -18
-59 -18
-59 -20
-56 -21
-56 -22
-55 -22
-57 -17
-53 -8
-52 -7
-51 -6
-52 -5
-52 -3
-53 -3
-54 -2
-55 -2
-55 -1
-56 -3
-58 -2
-58 -5
-60 0
-61 1
-62 1
-62 0
-63 0
-63 1
-63 2
-63 -1
-63 -4
-65 -4
-65 -5
-64 -6
-64 -8
-63 -7
-63 -9
-62 -9
-62 -10
-63 -12
-62 -13
-64 -13
-65 -13
-65 -12
-66 -12
-67 -12
-67 -13
-68 -14
-66 -14
-64 -15
-63 -15
-63 -16
-61 -15
-58 -15
-58 -14
-59 -14
-60 -14
-60 -13
-60 -12
-58 -12
-58 -10
-59 -9
-60 -8
-61 -8
-57 -8
-55 -9
-55 -11
-56 -11
-55 -14
-54 -15
-51 -13
-52 -14
-52 -11
-50 -10
-49 -10
-49 -12
-49 -7
-47 -7
-45 -9
-43 -9
-43 -8
-44 -8
-43 -5
-42 -5
-41 -7
-39 -7
-39 -8
-40 -8
-40 -10
-38 -12
-39 -14
-37 -14
-35 -14
-35 -15
-36 -17
-37 -18
-38 -17
-38 -16
-40 -16
-40 -17
-39 -18
-41 -18
-43 -20
-43 -22
-44 -22
-46 -23
-44 -25
-42 -24
-42 -13
-43 -11
-46 -11
-47 -11
-47 -12
-46 -13
-47 -14
-45 -14
-44 -16
-45 -17
-46 -17
-47 -16
-48 -16
-49 -16
-51 -16
-51 -18
-49 -18
-50 -19
-52 -19
-52 -20
-50 -22
-51 -22
-53 -23
-53 -24
-52 -25
-50 -25
-49 -26
-48 -26
-47 -26
-48 -25
-48 -24
-48 -21
-48 -20
-48 -19
-48 -27
-48 -29
-49 -29
-49 -28
-52 -29
-52 -36
-53 -41
-53 -45
-54 -44
-55 -44
-55 -43
-56 -42
-57 -44
-58 -43
-58 -41
-59 -41
-57 -40
-57 -39
-58 -38
-59 -38
-60 -38
-60 -37
-62 -37
-63 -38
-65 -39
-66 -35
-67 -33
-65 -33
-64 -33
-64 -34
-61 -35
-59 -35
-76 -40
-77 -41
-78 -39
-78 -26
-78 -24
-79 -24
-81 -15
-81 -17
-79 -17
-78 -16
-77 -15
-76 -14
-74 -14
-72 -14
-72 -15
-71 -16
-70 -16
-69 -16
-69 -15
-70 -18
-72 -18
-73 -19
-73 -20
-74 -20
-75 -21
-76 -19
-78 -20
-81 -20
-85 -20
-85 -18
-85 -17
-84 -17
-83 -18
-84 -19
-85 -19
-86 -19
-87 -19
-87 -17
-89 -17
-89 -15
-88 -14
-88 -13
-86 -13
-84 -13
-84 -14
-83 -14
-83 -15
-84 -15
-85 -15
-85 -14
-73 -9
-75 -12
-78 -13
-80 -13
-79 -12
-82 -12
-81 -12
-81 -11
-81 -9
-80 -10
-78 -8
-79 -7
-79 -4
-77 -5
-77 -4
-76 -4
-76 -3
-77 -3
-77 -2
-78 -2
-76 -1
-75 -1
-73 -3
-71 -3
-70 -3
-70 -5
-71 -5
-72 -6
-72 -7
-72 -8
-71 -8
-71 -10
-70 -10
-69 -10
-69 -11
-66 -9
-68 -9
-68 -7
-70 -7
-69 -6
-89 -31
-92 -30
-91 -30
-90 -30
-90 -29
-90 -28
-90 -27
-90 -26
-89 -25
-88 -25
-88 -23
-88 -24
-87 -24
-86 -24
-86 -23
-87 -22
-87 -21
-89 -21
-90 -21
-90 -20
-89 -19
-91 -17
-90 -14
-91 -14
-92 -15
-93 -14
-94 -14
-94 -12
-93 -11
-93 -10
-94 -10
-94 -9
-93 -8
-93 -7
-94 -7
-94 -6
-94 -5
-92 -5
-92 -6
-91 -6
-91 -9
-88 -9
-89 -10
-89 -11
-87 -11
-85 -10
-83 -10
-83 -9
-84 -9
-84 -8
-84 -6
-84 -5
-84 -3
-87 -3
-90 -3
-90 -2
-91 -1
-92 -1
-93 -1
-93 -2
-95 -1
-99 -2
-99 -1
-98 -1
-97 -1
-97 -2
-97 -3
-97 -4
-97 -6
-99 -7
-99 -5
-99 -4
-100 -4
-100 -9
-97 -12
-97 -11
-97 -9
-98 -10
-99 -11
-100 -12
-100 -13
-100 -15
-99 -15
-98 -14
-97 -14
-97 -15
-96 -15
-97 -17
-95 -17
-95 -18
-94 -19
-93 -19
-93 -21
-94 -21
-94 -22
-93 -23
-92 -23
-92 -24
-91 -25
-93 -26
-93 -27
-97 -29
-99 -29
-100 -30
-100 -31
-100 -27
-99 -27
-98 -27
-96 -27
-96 -26
-97 -25
-97 -22
-98 -21
-99 -21
-100 -21
-100 -19
-99 -19
-100 15
-100 14
-99 12
-98 10
-97 11
-96 12
-94 12
-94 11
-95 11
-95 10
-92 10
-92 9
-92 8
-93 8
-93 7
-95 7
-96 8
-97 8
-98 6
-98 7
-99 7
-100 7
-100 9
-90 8
-89 11
-89 12
-87 12
-87 10
-85 9
-85 11
-85 12
-85 13
-85 14
-86 14
-87 14
-88 14
-88 16
-86 16
-84 15
-83 15
-81 14
-80 15
-81 16
-82 17
-83 18
-83 19
-84 19
-84 20
-85 22
-86 21
-86 20
-86 19
-88 20
-90 17
-92 18
-93 18
-94 18
-94 17
-94 16
-96 15
-96 17
-98 18
-97 20
-98 21
-100 23
-99 25
-97 26
-97 24
-96 24
-96 23
-95 19
-95 21
-94 22
-93 22
-93 21
-93 20
-93 25
-100 28
-99 30
-100 31
-96 36
-96 35
-94 35
-95 34
-96 34
-97 34
-98 34
-98 32
-97 32
-96 31
-97 30
-95 30
-93 33
-93 31
-93 30
-93 29
-92 30
-91 31
-92 32
-92 35
-92 36
-91 36
-90 36
-90 35
-88 36
-86 35
-86 34
-84 33
-84 32
-82 32
-81 31
-82 30
-83 29
-83 27
-85 27
-85 26
-86 26
-86 24
-87 24
-90 24
-89 27
-88 28
-87 28
-87 29
-86 29
-89 31
-90 32
-88 32
-100 49
-100 50
-100 56
-96 54
-96 53
-99 53
-99 52
-97 51
-95 50
-94 51
-94 48
-95 48
-97 48
-98 48
-99 47
-99 45
-97 46
-97 44
-100 43
-100 39
-100 40
-99 40
-98 38
-95 38
-95 39
-96 40
-96 41
-95 42
-94 42
-92 40
-91 38
-89 38
-88 39
-87 38
-86 39
-85 40
-84 42
-83 41
-83 40
-82 40
-81 39
-79 39
-78 42
-78 43
-77 43
-77 44
-76 44
-76 42
-66 42
-63 41
-61 29
-71 31
-72 29
-69 28
-70 27
-71 25
-73 23
-76 23
-75 22
-77 22
-79 22
-78 23
-78 26
-75 26
-75 28
-75 29
-76 30
-76 31
-76 33
-78 34
-77 36
-74 36
-72 34
-69 34
-70 34
-70 36
-67 36
-66 35
-66 37
-66 38
-65 38
-67 39
-68 39
-69 38
-71 40
-70 42
-71 44
-69 44
-69 45
-68 45
-67 47
-66 47
-65 46
-64 47
-64 48
-65 51
-65 52
-63 54
-61 56
-61 57
-61 59
-62 59
-61 61
-64 61
-64 62
-63 63
-64 65
-63 65
-62 65
-62 66
-61 66
-61 64
-60 63
-57 63
-58 64
-59 64
-59 65
-58 66
-60 68
-56 68
-57 68
-58 70
-55 70
-54 69
-53 69
-52 69
-51 70
-50 68
-48 68
-47 67
-47 66
-46 66
-44 66
-45 66
-45 65
-46 64
-47 64
-47 63
-48 62
-48 61
-46 61
-46 60
-47 59
-48 59
-49 59
-49 57
-52 57
-51 56
-51 58
-54 58
-55 58
-54 61
-53 60
-51 61
-49 63
-50 64
-55 65
-58 59
-58 56
-57 56
-57 54
-56 53
-55 53
-54 54
-54 51
-51 51
-52 52
-52 53
-50 54
-46 49
-47 49
-47 50
-47 48
-45 48
-44 47
-43 47
-43 46
-44 46
-46 45
-51 46
-49 46
-49 45
-50 45
-51 45
-52 45
-52 44
-53 45
-54 44
-55 44
-55 45
-55 46
-54 46
-53 48
-56 49
-56 50
-57 50
-59 52
-61 53
-61 51
-62 50
-60 50
-61 48
-61 47
-58 47
-57 47
-57 46
-58 43
-59 42
-59 44
-62 45
-62 44
-64 44
-64 43
-63 43
-63 42
-62 42
-61 42
-61 41
-60 40
-60 39
-62 39
-63 39
-64 39
-64 37
-64 36
-62 35
-60 36
-56 37
-56 38
-56 40
-57 40
-57 41
-55 41
-55 39
-54 38
-52 38
-51 38
-51 40
-51 42
-50 41
-50 42
-50 43
-48 43
-48 40
-47 41
-47 42
-45 42
-42 43
-41 47
-40 49
-42 49
-42 50
-43 50
-44 51
-46 52
-47 52
-47 56
-45 56
-45 55
-44 54
-43 56
-42 56
-37 45
-36 46
-36 45
-36 44
-39 38
-38 39
-39 39
-40 39
-40 41
-40 42
-40 45
-39 44
-38 43
-38 42
-38 41
-36 41
-35 41
-34 42
-35 39
-32 37
-30 37
-30 36
-29 35
-28 37
-29 38
-29 40
-28 41
-30 41
-31 42
-30 43
-32 44
-33 44
-34 45
-34 46
-33 46
-33 47
-35 48
-38 48
-37 49
-37 51
-38 54
-35 53
-35 51
-35 50
-36 50
-38 50
-39 50
-40 51
-40 52
-41 53
-41 55
-40 55
-40 57
-39 59
-41 60
-42 61
-44 60
-43 63
-42 63
-41 63
-40 62
-40 65
-41 65
-43 70
-44 70
-44 69
-45 70
-44 73
-42 72
-39 72
-40 73
-41 74
-42 75
-35 74
-34 73
-33 73
-33 76
-34 78
-35 79
-35 77
-36 77
-37 77
-37 78
-37 76
-39 76
-40 76
-40 78
-41 78
-39 79
-36 81
-34 82
-31 81
-28 81
-28 82
-27 82
-27 80
-29 80
-29 79
-30 79
-29 77
-30 76
-30 75
-31 75
-32 75
-32 74
-31 73
-31 72
-30 72
-29 71
-28 71
-28 69
-26 66
-26 67
-27 67
-24 67
-23 67
-23 66
-22 66
-22 69
-25 72
-24 74
-25 76
-25 77
-25 79
-22 75
-21 74
-20 72
-19 73
-19 74
-19 75
-18 77
-17 78
-17 79
-18 80
-19 80
-20 78
-20 79
-22 79
-23 78
-23 81
-21 81
-21 83
-20 83
-19 83
-18 84
-19 86
-18 87
-17 88
-16 88
-15 89
-14 89
-13 89
-12 89
-12 90
-12 93
-13 94
-13 95
-14 95
-15 96
-16 95
-16 94
-16 93
-15 93
-15 92
-14 91
-17 96
-19 98
-20 98
-21 98
-21 99
-20 100
-18 100
-18 99
-17 99
-15 99
-12 99
1 100
1 99
3 99
4 96
1 93
2 92
3 93
4 92
5 92
8 92
8 94
9 95
7 95
6 95
6 96
7 97
9 97
9 100
14 98
13 100
12 100
11 99
10 98
11 97
12 97
13 96
13 95
13 94
13 93
11 93
15 93
17 92
19 92
18 95
17 96
18 98
17 99
19 99
20 99
20 97
21 97
23 94
23 96
23 95
24 95
24 100
27 100
26 99
26 98
25 97
27 97
27 96
29 96
29 97
30 97
31 97
32 97
31 100
34 99
33 98
34 97
35 97
37 98
37 97
36 97
36 96
35 95
35 94
36 94
35 93
34 93
33 94
31 94
31 92
31 89
29 91
29 93
29 94
28 94
26 94
25 93
27 93
27 92
26 90
24 90
22 90
20 88
21 87
20 86
16 88
17 89
17 86
16 86
16 84
18 84
18 83
17 82
12 86
13 86
13 87
14 90
11 90
10 90
10 89
9 88
8 87
8 86
9 86
9 85
10 85
11 84
11 83
13 83
14 82
15 81
16 81
16 80
15 80
13 78
12 79
12 78
12 77
12 75
13 75
14 73
13 69
15 67
9 70
9 74
9 73
9 72
8 73
7 71
5 71
4 71
4 70
3 70
2 70
1 70
1 71
2 71
3 71
3 69
4 67
3 66
2 65
2 64
1 64
-2 66
-3 65
-2 64
-2 63
-2 61
-3 61
-4 60
-4 58
-3 58
-1 58
0 57
2 57
4 57
4 55
6 55
6 54
7 54
12 54
12 53
11 52
11 51
10 50
8 50
8 52
6 52
4 52
7 49
7 48
6 48
3 48
3 47
2 47
1 47
0 47
0 48
-3 49
-3 51
-4 51
-4 50
-1 50
-1 53
-5 53
-8 52
-7 52
-7 53
-7 51
-7 49
-8 49
-9 49
-11 49
-11 50
-11 51
-10 52
-10 53
-12 54
-12 55
-13 55
-13 53
-15 55
-17 55
-17 53
-16 53
-15 53
-15 52
-16 52
-17 52
-18 52
-19 51
-19 50
-18 50
-18 49
-19 47
-18 46
-18 43
-19 42
-20 40
-20 39
-21 39
-21 37
-23 37
-24 37
-25 37
-26 37
-26 36
-25 36
-27 36
-27 34
-27 33
-29 33
-28 32
-28 30
-28 29
-28 25
-27 26
-25 30
-25 29
-24 29
-22 25
-21 22
-24 22
-23 20
-23 19
-24 19
-26 19
-26 20
-27 21
-28 18
-28 19
-28 20
-30 20
-30 19
-31 18
-33 18
-35 19
-38 19
-39 18
-39 16
-40 14
-39 12
-35 11
-35 12
-33 12
-32 12
-32 13
-30 14
-29 15
-30 16
-32 16
-33 15
-34 15
-37 15
-36 16
-37 17
-32 21
-32 23
-32 24
-34 23
-34 25
-33 26
-32 27
-30 28
-31 29
-32 30
-33 29
-35 28
-36 26
-38 29
-37 30
-38 30
-38 31
-39 31
-39 34
-40 33
-40 32
-42 32
-42 30
-43 29
-43 28
-45 28
-45 27
-47 26
-40 24
-39 21
-36 21
-37 21
-37 22
-37 23
-38 23
-38 24
-37 25
-37 27
-38 27
-39 27
-41 27
-41 26
-42 25
-42 24
-43 23
-44 24
-44 22
-46 23
-48 23
-48 22
-48 19
-47 18
-48 18
-49 18
-49 19
-50 19
-52 18
-53 17
-53 16
-54 16
-54 15
-53 15
-54 14
-55 13
-53 13
-53 12
-54 12
-54 10
-54 6
-53 7
-53 8
-52 8
-51 8
-51 9
-50 9
-50 10
-51 11
-52 11
-52 14
-50 13
-48 13
-48 14
-47 14
-45 15
-44 17
-42 16
-42 14
-43 14
-42 12
-45 12
-46 11
-44 10
-44 8
-45 9
-47 9
-47 7
-46 6
-47 5
-48 4
-50 4
-49 5
-52 5
-53 3
-52 1
-55 2
-58 2
-58 5
-57 4
-57 6
-57 7
-59 8
-60 8
-60 7
-62 6
-63 6
-64 6
-64 5
-64 4
-65 3
-65 7
-67 6
-68 7
-70 8
-71 9
-74 9
-75 10
-73 10
-73 12
-70 12
-70 11
-67 10
-67 13
-66 13
-66 14
-67 14
-68 14
-66 17
-67 17
-68 17
-67 19
-67 21
-67 22
-67 23
-66 23
-65 23
-65 21
-64 19
-63 13
-61 10
-60 12
-57 12
-58 15
-61 16
-60 18
-61 21
-61 22
-61 24
-60 24
-58 25
-56 26
-56 29
-57 31
-58 32
-57 33
-58 33
-58 34
-59 34
-61 33
-62 31
-64 31
-65 31
-65 32
-65 33
-67 33
-67 32
-66 30
-66 28
-65 29
-63 29
-63 28
-62 27
-62 25
-63 25
-68 24
-70 23
-70 21
-69 20
-69 19
-70 19
-71 20
-72 20
-73 18
-74 19
-74 17
-75 17
-76 17
-76 20
-78 19
-78 18
-79 18
-79 17
-78 16
-78 15
-78 14
-78 13
-78 12
-79 12
-82 12
-81 12
-81 11
-80 11
-80 10
-81 9
-81 8
-80 8
-79 8
-79 7
-78 6
-81 6
-81 5
-79 4
-80 4
-80 2
-81 2
-83 3
-84 2
-85 1
-85 4
-85 5
-87 6
-88 6
-91 6
-91 5
-93 4
-97 4
-98 3
-99 3
-100 1
-99 1
-98 1
-96 2
-95 2
-94 2
-93 1
-92 1
-91 2
-90 2
-90 1
-90 0
-89 0
-82 0
-80 0
-77 2
-72 1
-70 -1
-66 -1
-66 0
-67 0
-67 1
-67 2
-67 4
-68 4
-69 3
-71 3
-73 4
-74 5
-75 5
-75 6
-76 5
-76 7
-77 11
-78 10
-75 15
-74 15
-72 15
-80 21
-84 25
-83 25
-82 25
-83 23
-82 22
-81 23
-81 24
-81 26
-81 27
-80 27
-79 29
-78 29
-78 31
-79 31
-79 32
-80 32
-80 33
-82 34
-83 35
-83 36
-83 37
-84 38
-82 43
-80 47
-81 45
-81 44
-80 44
-79 44
-79 45
-78 45
-78 48
-77 47
-75 46
-75 49
-73 47
-73 48
-71 48
-72 49
-72 50
-72 51
-70 49
-70 52
-68 51
-68 53
-67 53
-66 53
-66 54
-67 55
-68 56
-69 56
-71 55
-72 54
-73 56
-73 57
-73 58
-74 58
-75 58
-76 59
-77 59
-78 59
-79 58
-79 57
-79 56
-78 56
-76 56
-77 55
-78 54
-78 52
-79 52
-79 50
-81 50
-82 50
-82 51
-82 49
-83 49
-84 48
-85 48
-87 48
-88 48
-89 47
-86 46
-85 46
-85 45
-87 45
-87 44
-87 43
-86 43
-87 42
-87 41
-90 43
-92 44
-93 44
-93 45
-92 49
-91 50
-87 50
-85 51
-86 52
-87 53
-88 54
-89 54
-90 55
-90 53
-93 53
-93 56
-95 59
-94 59
-94 58
-95 57
-96 56
-97 56
-98 57
-99 57
-99 58
-98 59
-98 60
-99 60
-100 62
-98 63
-99 64
-99 66
-97 66
-96 66
-96 65
-96 68
-95 70
-94 69
-93 69
-94 67
-94 63
-94 62
-92 62
-91 61
-90 61
-89 60
-91 59
-90 58
-90 57
-89 57
-87 57
-87 58
-87 59
-86 58
-85 58
-84 57
-84 56
-84 54
-86 55
-82 53
-82 55
-82 56
-82 58
-81 57
-80 55
-77 57
-72 59
-71 59
-70 59
-70 61
-69 60
-69 62
-70 62
-70 63
-71 63
-73 63
-73 62
-74 61
-75 62
-76 64
-75 64
-75 66
-72 66
-71 68
-69 69
-70 69
-70 67
-69 66
-70 64
-68 63
-67 63
-67 64
-67 61
-66 61
-66 60
-66 58
-100 91
-95 92
-96 92
-96 94
-98 94
-100 95
-100 96
-100 98
-99 98
-99 100
-100 100
-97 97
-96 97
-90 100
-94 100
-93 100
-92 100
-92 99
-91 98
-92 97
-92 95
-92 94
-90 96
-90 94
-89 95
-88 95
-87 94
-87 92
-86 93
-85 93
-86 95
-86 99
-84 98
-83 98
-82 98
-82 99
-81 97
-81 94
-79 95
-79 97
-79 98
-78 98
-77 98
-78 100
-80 100
-79 92
-80 91
-80 90
-89 90
-88 90
-88 86
-86 84
-88 83
-89 82
-90 81
-91 82
-91 83
-92 83
-94 74
-95 73
-97 72
-98 74
-98 73
-99 73
-100 74
-99 78
-99 81
-100 83
-98 84
-96 87
-95 88
-95 89
-97 89
-96 90
-94 90
-92 91
-91 90
-91 89
-91 88
-91 87
-92 86
-94 85
-95 85
-96 82
-94 80
-94 77
-93 78
-89 78
-90 76
-89 76
-88 76
-87 76
-89 74
-90 74
-90 73
-91 72
-92 71
-90 69
-90 66
-89 65
-88 62
-86 62
-87 61
-87 64
-85 63
-79 62
-81 69
-82 68
-77 67
-78 68
-78 65
-80 65
-80 64
-82 64
-82 65
-83 65
-85 66
-86 66
-87 67
-86 68
-85 70
-83 71
-84 74
-83 75
-82 75
-82 76
-81 74
-80 72
-77 72
-78 72
-78 71
-76 71
-75 70
-75 69
-73 69
-72 70
-71 71
-68 71
-66 72
-66 67
-65 68
-63 68
-63 69
-64 69
-62 71
-61 72
-61 71
-60 71
-60 73
-59 73
-58 73
-56 74
-56 77
-56 79
-57 80
-56 82
-54 82
-55 81
-54 80
-53 80
-50 80
-48 80
-47 80
-46 80
-46 81
-45 81
-44 84
-43 84
-42 85
-41 85
-41 87
-42 87
-47 86
-47 85
-46 85
-46 84
-47 83
-48 84
-49 84
-50 84
-50 85
-50 87
-49 86
-50 83
-53 85
-55 85
-55 87
-55 89
-54 89
-56 88
-61 88
-60 87
-59 87
-59 84
-60 83
-62 84
-63 85
-64 85
-65 85
-66 85
-66 86
-67 87
-68 87
-69 86
-73 85
-72 85
-71 86
-71 87
-72 88
-71 89
-71 90
-72 90
-72 91
-73 91
-73 92
-73 94
-75 94
-75 96
-73 96
-72 96
-72 95
-71 94
-69 95
-69 93
-68 92
-68 91
-67 93
-65 93
-66 92
-65 91
-65 90
-64 89
-63 89
-62 89
-62 90
-63 91
-61 91
-59 91
-62 92
-61 94
-63 94
-64 95
-64 97
-64 98
-64 100
-63 100
-67 100
-67 99
-67 98
-67 97
-68 98
-71 99
-72 100
-74 100
-73 99
-73 98
-83 78
-86 78
-86 80
-84 80
-83 82
-81 84
-81 83
-81 82
-81 81
-81 80
-81 79
-79 79
-77 77
-76 77
-75 77
-75 78
-76 80
-76 79
-75 79
-74 79
-72 79
-70 81
-73 81
-72 82
-74 82
-74 84
-74 86
-73 86
-73 87
-75 87
-74 89
-76 89
-78 89
-79 89
-80 88
-81 88
-82 89
-82 91
-83 91
-84 90
-85 89
-87 88
-87 87
-85 87
-85 86
-83 86
-82 87
-78 86
-79 85
-79 83
-78 83
-77 83
-73 73
-71 74
-69 74
-69 75
-70 76
-63 75
-65 76
-67 77
-68 78
-66 78
-66 80
-67 80
-67 82
-67 84
-66 84
-65 84
-64 83
-64 82
-63 80
-62 80
-60 80
-59 79
-59 78
-60 78
-62 78
-62 77
-61 77
-61 76
-59 76
-49 72
-52 72
-51 74
-50 74
-48 75
-47 74
-45 75
-46 76
-46 77
-45 78
-43 79
-43 81
-42 81
-40 81
-39 83
-39 82
-38 82
-38 84
-39 85
-40 86
-39 87
-40 88
-39 88
-38 88
-38 89
-39 89
-41 89
-42 89
-43 90
-44 92
-45 93
-45 91
-45 90
-47 90
-49 89
-50 89
-50 90
-51 90
-51 92
-51 91
-52 91
-52 92
-52 93
-52 94
-51 95
-50 96
-50 95
-49 95
-48 95
-48 94
-46 94
-49 93
-50 100
-51 99
-52 99
-52 100
-53 97
-52 97
-52 96
-53 96
-54 96
-54 95
-54 94
-56 93
-58 93
-58 94
-59 95
-60 96
-60 97
-60 99
-58 100
-57 99
-56 99
-56 96
-42 96
-43 97
-43 95
-44 95
-44 96
-45 96
-46 97
-47 97
-47 98
-48 99
-46 100
-44 100
-42 100
-41 99
-40 100
-38 100
-37 100
-37 99
-36 98
-36 97
-36 96
-38 96
-39 96
-40 96
-40 97
-40 98
-39 98
-35 100
-33 100
-33 99
-34 99
-31 99
-31 100
-28 100
-26 100
-25 100
-23 100
-27 98
-28 94
-27 93
-28 91
-30 92
-30 93
-30 95
-30 96
-33 96
-34 94
-35 95
-37 94
-38 94
-38 93
-40 92
-40 91
-37 90
-37 89
-36 87
-36 85
-32 85
-29 85
-28 86
-27 86
-25 85
-24 86
-24 84
-23 84
-22 87
-23 88
-21 89
-21 91
-19 91
-18 92
-19 94
-21 95
-22 94
-23 94
-23 95
-23 92
-23 91
-25 91
-25 89
-29 88
-29 89
-31 89
-32 88
-31 87
-33 87
-33 89
-33 91
7 90
-4 78
-4 77
-6 77
-5 76
-5 74
-3 74
-2 74
-2 73
-2 71
-2 70
-1 70
-3 69
-5 68
-6 69
-7 70
-7 71
-7 72
-9 72
-11 72
-10 71
-10 70
-11 70
-11 69
-9 68
-7 67
-6 67
-6 65
-7 65
-7 64
-8 64
-8 63
-9 64
-10 65
-11 64
-12 64
-13 64
-13 66
-12 65
-15 66
-16 66
-17 66
-17 67
-18 64
-20 65
-19 65
-19 67
-20 68
-19 70
-17 70
-17 71
-16 71
-14 71
-13 70
-15 72
-16 75
-15 75
-14 74
-12 74
-13 76
-11 76
-9 76
-9 75
-10 77
-12 78
-12 81
-12 80
-12 79
-11 79
-9 79
-8 79
-8 80
-14 80
-14 82
-15 82
-15 81
-15 86
-14 86
-13 87
-11 88
-8 87
-9 87
-9 85
-10 85
-10 84
-10 82
-10 83
-9 83
-8 84
-6 83
-6 85
-5 94
-5 93
-4 92
-3 93
-3 96
-2 95
-1 97
-1 98
-3 98
-4 98
-5 97
-6 98
-6 99
-7 99
-8 99
-9 99
-9 97
-10 97
-10 98
-8 98
-7 96
-9 93
-8 93
-8 92
-6 91
-5 89
-4 89
-3 87
-2 87
0 88
1 89
1 90
-1 90
3 89
3 87
3 86
5 87
7 86
8 85
8 81
10 81
9 83
6 83
6 80
7 79
3 75
4 75
4 74
4 77
5 77
6 77
5 76
5 78
4 79
2 80
2 81
2 82
3 83
2 84
1 84
0 84
0 85
-2 83
-1 83
1 83
0 81
0 80
-1 79
-1 77
0 75
1 74
2 73
2 72
0 72
45 55
46 57
47 57
47 58
48 59
49 60
49 57
48 57
48 56
47 63
48 63
48 69
50 68
58 71
57 71
56 71
55 72
53 72
53 70
54 71
51 73
51 75
51 76
50 76
49 79
49 80
51 80
50 84
51 85
54 85
53 85
53 86
53 84
53 83
52 82
54 82
54 78
54 75
54 74
56 74
57 77
57 75
58 74
58 75
59 75
60 78
63 78
62 77
61 76
61 74
61 72
62 70
61 70
59 70
59 69
59 68
60 67
59 66
62 65
64 63
65 62
68 62
67 65
66 66
66 67
66 68
65 68
63 68
64 69
67 70
66 70
66 71
65 72
63 72
64 73
63 75
76 64
77 65
78 65
78 67
75 67
75 69
74 70
74 68
73 68
73 69
73 71
72 71
72 70
71 71
69 72
69 71
69 70
69 69
68 68
68 67
69 66
69 65
69 64
70 64
72 65
73 64
74 64
74 63
72 62
73 59
73 58
74 58
76 58
75 60
79 56
79 55
77 54
80 53
79 52
78 52
77 50
75 48
75 46
75 43
74 43
73 44
73 45
73 47
70 46
69 46
69 44
70 44
71 44
71 43
71 40
72 40
73 40
70 38
70 39
69 39
68 38
68 37
69 36
70 36
72 36
72 35
72 33
67 34
66 36
65 36
64 36
63 36
62 35
62 37
60 36
60 37
60 39
57 38
57 34
57 33
59 33
61 33
64 30
66 30
66 29
66 28
66 26
65 25
65 23
67 22
67 19
65 19
70 17
71 16
73 21
75 22
74 24
72 24
71 22
70 21
70 23
69 23
69 24
69 26
70 25
71 27
70 28
70 30
73 30
73 29
72 29
72 31
73 31
74 31
75 30
76 30
76 29
77 29
77 28
78 30
79 30
79 29
80 27
82 27
83 26
82 24
81 24
81 22
82 22
82 20
82 19
80 19
80 21
78 21
78 20
77 20
75 18
76 17
78 18
79 18
79 15
78 15
78 13
77 12
77 11
76 11
76 9
76 8
75 7
74 6
73 6
71 6
71 5
72 4
68 4
69 5
70 3
71 3
71 1
70 1
69 1
74 1
74 0
72 0
72 -1
73 -2
73 -3
73 -6
75 -7
76 -7
77 -6
77 -5
77 -4
78 -4
79 -4
79 -5
80 -3
76 -3
71 -4
70 -3
70 -6
69 -7
68 -7
68 -6
67 -6
67 -4
66 -4
66 -2
66 -1
66 1
66 2
66 3
65 4
63 3
62 5
63 6
64 7
66 6
67 7
68 8
70 8
67 10
65 11
63 9
60 9
60 10
60 12
58 14
56 13
56 15
56 17
55 17
54 20
54 21
54 23
55 22
56 22
55 25
55 26
56 26
57 26
57 25
59 25
60 26
62 27
64 27
64 26
63 25
61 24
61 23
59 20
60 21
62 21
63 20
62 18
62 16
60 16
63 15
65 16
64 16
64 15
65 15
65 14
67 14
67 16
68 16
68 15
69 13
70 13
74 13
73 14
72 13
71 12
71 10
72 10
72 8
73 8
74 8
74 9
74 10
82 13
85 11
86 12
88 12
89 11
89 13
89 14
91 14
91 12
92 12
92 11
93 9
94 9
95 8
96 9
97 9
99 9
100 8
100 7
100 5
99 5
98 6
99 11
100 12
100 13
98 13
98 12
97 12
96 11
95 11
94 12
93 14
92 15
90 17
90 18
91 18
92 17
93 17
93 19
92 20
92 22
89 21
89 20
89 19
88 19
87 19
87 21
85 21
85 19
86 18
84 18
83 18
83 17
84 15
85 15
87 16
86 23
77 24
76 25
77 26
78 26
78 25
82 30
84 42
82 42
81 42
81 43
83 43
83 45
82 45
81 45
81 46
82 46
83 47
82 47
81 47
81 48
80 48
80 49
81 49
82 49
82 51
82 52
83 52
84 52
84 53
83 55
83 56
82 57
81 57
81 59
80 58
80 60
80 62
80 63
81 66
85 65
84 65
84 66
85 68
86 75
85 81
86 79
86 78
87 78
89 76
90 77
90 79
91 80
92 78
93 79
94 80
94 81
96 79
100 73
99 74
99 72
97 71
98 70
100 70
100 68
97 68
96 68
96 69
95 70
95 72
95 74
97 75
97 77
99 77
99 78
100 79
98 80
99 82
100 82
99 85
97 85
97 84
95 84
95 87
94 88
95 89
97 89
97 90
96 92
95 92
93 91
93 93
94 94
94 99
94 100
92 100
92 99
91 98
91 96
89 94
88 95
88 97
88 99
88 100
85 99
85 98
86 97
86 96
87 96
84 96
83 96
81 97
81 96
81 95
80 94
82 93
83 93
83 94
84 94
84 93
85 93
85 92
84 89
84 90
85 90
86 90
87 89
88 89
88 88
86 88
87 87
89 87
90 88
93 85
90 84
89 81
89 82
88 83
88 85
85 85
84 85
84 84
85 84
85 83
84 83
82 83
81 82
80 83
80 80
83 78
83 77
82 75
79 75
79 74
78 74
78 77
76 76
76 77
74 77
74 79
74 81
75 81
75 80
76 79
77 79
78 80
78 82
78 84
75 84
76 84
76 85
77 85
77 86
76 88
74 86
73 86
73 87
72 85
73 84
73 82
71 83
70 81
71 78
70 78
69 78
69 76
67 76
68 75
68 74
69 74
71 74
73 73
73 74
73 75
75 71
77 70
79 70
81 72
82 72
84 72
85 72
86 72
87 73
90 73
91 74
92 74
92 73
93 72
91 72
91 71
92 70
90 69
90 70
89 70
88 69
88 67
89 67
89 65
90 64
91 63
91 64
92 64
92 65
91 66
96 66
97 65
100 61
98 62
98 60
97 59
96 60
95 61
95 63
94 63
93 62
95 58
100 54
99 53
99 52
99 48
99 46
97 46
97 47
94 47
93 47
91 46
89 46
88 46
86 45
86 44
85 44
85 46
86 48
86 49
86 50
87 51
88 51
89 51
90 51
89 49
95 49
96 50
95 51
94 51
93 51
93 55
94 55
94 56
92 56
91 56
88 59
89 60
86 61
85 61
84 61
83 61
83 62
83 60
85 59
86 57
86 56
87 55
87 53
86 53
86 52
74 52
74 53
74 55
73 56
73 54
72 55
71 54
71 53
70 56
71 57
70 57
70 58
69 58
69 57
59 59
62 60
62 62
61 62
61 63
60 63
57 62
58 62
58 64
57 65
56 64
55 66
55 67
52 66
52 62
51 62
51 60
51 58
51 57
51 56
51 54
50 54
49 54
48 53
49 52
49 51
49 49
50 50
52 51
52 52
54 53
54 56
53 56
53 58
54 59
55 59
55 58
56 58
55 57
57 57
58 56
58 53
58 54
59 54
59 55
61 55
61 56
56 55
55 54
55 52
56 52
56 51
55 50
54 50
53 50
53 49
52 49
51 49
51 48
52 47
50 47
49 46
46 45
48 42
47 41
45 41
42 41
39 43
36 45
36 48
39 52
39 50
39 48
40 47
41 48
41 49
42 49
42 48
42 47
42 46
43 46
45 47
46 48
46 47
47 47
47 49
45 51
44 51
43 51
43 52
43 53
43 55
44 56
43 56
43 57
43 58
45 58
45 59
44 59
43 60
42 62
41 61
39 61
38 58
41 57
40 57
40 56
39 56
38 55
37 55
36 55
35 56
34 56
34 58
34 60
34 62
35 62
35 63
36 64
37 64
38 64
39 64
39 66
41 65
42 64
43 64
45 64
45 67
44 66
44 68
44 69
45 69
45 71
45 72
44 72
44 73
46 74
46 75
46 76
46 79
47 81
42 84
42 85
44 85
45 83
45 84
46 84
47 85
47 87
48 87
45 88
44 88
43 89
42 90
40 88
40 89
38 89
37 88
38 87
36 86
34 85
34 86
34 87
33 87
32 86
31 85
31 84
30 84
32 83
32 82
34 82
35 83
37 82
36 80
35 80
34 79
34 77
36 77
38 76
39 78
39 81
40 81
41 82
43 82
43 79
41 79
42 80
42 77
42 76
40 76
40 75
41 75
41 74
41 68
42 70
42 72
40 72
39 73
39 70
36 68
37 69
38 69
38 71
38 72
37 72
37 71
35 71
35 69
35 67
34 67
33 67
32 69
31 72
31 73
30 74
31 74
32 74
32 73
33 73
34 73
35 73
36 73
34 74
32 76
31 77
29 77
29 78
30 78
31 78
31 79
29 81
26 80
25 78
24 78
22 78
22 77
25 74
27 76
28 73
29 72
29 70
27 69
27 67
27 66
26 66
25 66
26 65
29 66
31 66
32 66
32 64
30 62
30 61
32 59
32 57
31 56
30 57
29 56
29 55
27 56
26 56
26 55
26 54
23 53
26 48
30 46
30 48
30 49
31 49
34 51
34 50
35 50
36 51
36 52
35 53
33 55
29 52
28 52
27 51
24 50
24 49
23 49
22 48
21 48
21 47
20 46
19 45
19 43
21 43
21 44
23 44
24 45
24 46
27 46
27 44
25 43
24 42
24 39
25 39
25 38
27 38
27 40
26 40
33 40
33 38
33 36
31 37
35 37
36 37
34 23
33 24
33 28
36 28
41 28
41 27
41 26
43 26
45 26
45 28
47 28
48 28
49 28
49 27
49 26
49 25
49 24
50 24
51 24
51 22
51 21
51 19
50 18
49 18
49 20
47 21
47 24
46 24
42 24
20 6
24 8
27 9
25 10
25 11
26 11
23 17
22 16
21 16
19 16
19 17
17 16
18 15
20 14
19 13
19 12
21 12
21 11
21 10
21 9
19 9
19 10
18 11
16 9
16 8
15 13
14 13
14 12
14 11
13 11
13 6
13 4
15 3
15 2
16 2
16 0
17 -1
17 -2
16 -3
15 -6
16 -7
16 -8
14 -1
14 -2
13 -2
11 -2
10 -2
10 -1
11 -1
12 0
9 -1
8 0
8 2
9 2
10 3
7 4
6 4
4 3
3 3
3 4
1 4
-1 4
-2 4
-2 5
-3 4
-3 7
-5 7
-12 7
-11 8
-11 5
-10 4
-14 4
-13 2
-13 1
-11 1
-11 0
-10 0
-10 -2
-9 -1
-7 2
-9 2
-8 3
-8 5
-8 7
-7 8
-6 10
-3 11
-2 9
-1 9
0 10
2 10
3 10
3 9
2 8
2 6
0 2
-2 1
-2 0
-2 -1
0 -1
2 -1
2 1
4 0
5 -2
4 -2
4 -4
3 -3
2 -4
0 -4
1 -3
-2 -4
-4 -3
-6 -2
-6 -3
-6 -5
-8 -6
-8 -7
-6 -7
-7 -8
-6 -9
-5 -10
-4 -8
-3 -8
-3 -9
-3 -10
-3 -11
-4 -11
-4 -13
-3 -13
-2 -14
-2 -12
0 -13
0 -14
0 -15
2 -15
3 -15
3 -13
3 -12
4 -14
5 -13
5 -11
6 -12
7 -12
7 -13
7 -15
6 -15
7 -10
8 -11
9 -12
10 -12
10 -11
11 -11
13 -11
12 -10
14 -10
13 -8
12 -7
12 -6
11 -6
12 -5
12 -4
13 -4
10 -4
9 -4
9 -7
7 -5
6 -5
6 -7
4 -8
3 -8
3 -9
2 -10
1 -9
0 -9
6 1
-1 13
0 12
1 12
1 13
1 14
4 12
5 10
6 10
7 10
7 9
6 7
8 7
9 10
9 9
9 8
10 8
11 7
12 8
12 9
11 9
11 11
11 12
11 14
11 13
10 13
10 15
6 15
5 15
4 16
3 16
3 18
4 19
6 19
5 19
5 18
6 18
7 17
7 23
9 22
11 20
12 19
11 18
10 18
12 17
14 16
14 17
15 17
15 20
16 20
17 20
18 19
19 19
19 20
18 20
18 21
17 23
15 23
14 24
11 24
12 24
13 25
13 26
13 27
13 28
12 28
14 30
13 32
16 34
16 35
16 36
15 36
12 35
10 35
9 37
8 33
9 33
9 32
9 31
8 31
10 30
9 27
10 26
8 26
8 28
6 28
6 29
5 29
3 30
2 30
2 28
2 25
3 24
4 23
5 24
4 26
2 21
2 19
-25 17
-13 20
-13 18
-12 18
-11 18
-11 17
-9 17
-9 19
-10 20
-10 21
-12 22
-11 22
-11 23
-12 23
-13 23
-14 23
-5 26
-4 26
-4 25
-3 23
-2 22
-1 23
-1 25
0 27
-1 27
-1 28
0 29
-2 29
-3 29
-3 28
-4 28
-4 31
-5 31
-1 31
1 32
1 33
1 34
1 36
1 35
2 35
3 34
3 33
4 32
5 32
5 35
7 36
7 37
6 37
6 38
6 39
7 39
8 39
7 40
7 42
7 44
7 45
8 47
9 46
9 44
10 42
11 41
14 42
15 42
15 43
16 43
16 42
17 42
17 39
16 39
16 40
17 40
18 40
18 38
19 39
20 39
20 38
20 37
19 37
19 36
18 36
18 35
18 34
19 34
19 33
18 32
17 31
17 29
17 28
18 26
16 25
20 22
21 25
21 24
23 24
23 26
24 25
25 25
27 25
28 26
27 28
27 27
26 27
25 28
25 30
27 30
27 31
27 34
28 35
29 33
22 36
22 35
23 34
23 31
21 32
24 27
25 23
26 23
27 22
27 20
29 20
29 19
29 18
30 18
28 16
30 15
30 12
31 12
32 11
33 10
31 9
30 9
29 9
29 8
30 7
29 6
29 5
29 4
28 3
30 3
27 5
27 4
25 3
25 5
25 7
24 6
23 6
23 5
23 4
23 2
21 2
20 2
19 4
17 4
17 1
18 1
19 -1
18 -5
19 -5
20 -8
20 -7
21 -7
23 -7
23 -6
23 -5
22 -5
22 -4
21 -3
22 -1
24 -1
25 -1
25 -3
24 -3
26 -4
26 -5
26 -7
27 -7
27 -6
28 -6
29 -7
29 -8
28 -10
29 -11
31 -14
32 -12
34 -12
34 -11
35 -11
37 -10
38 -10
40 -10
39 -9
40 -8
38 -7
35 -5
36 -4
36 -2
35 -1
28 -1
28 0
29 0
29 -1
30 -1
31 -2
31 -4
30 -4
30 -6
32 -7
31 -19
35 -22
35 -19
34 -18
35 -16
35 -14
35 -13
36 -13
37 -14
38 -15
40 -14
41 -13
41 -12
43 -13
43 -11
44 -11
24 -12
25 -12
25 -11
24 -9
22 -9
22 -10
21 -10
21 -12
22 -12
22 -14
23 -15
25 -15
28 -17
29 -16
30 -16
30 -18
29 -19
28 -20
27 -19
26 -21
27 -22
28 -23
28 -24
29 -24
30 -29
29 -28
27 -27
28 -27
28 -26
29 -26
30 -26
31 -26
32 -27
32 -25
32 -23
33 -22
33 -23
34 -23
34 -24
33 -24
34 -26
35 -26
35 -28
37 -28
36 -29
36 -31
37 -31
35 -33
33 -34
32 -34
32 -33
32 -30
31 -31
30 -32
28 -32
27 -32
27 -33
26 -33
26 -31
26 -30
20 -27
20 -26
19 -25
22 -22
21 -23
22 -23
23 -23
25 -23
26 -24
25 -25
24 -27
24 -29
23 -29
23 -30
23 -32
21 -31
22 -31
22 -33
22 -34
21 -34
22 -35
22 -37
24 -37
24 -35
25 -35
28 -35
28 -36
27 -36
30 -37
28 -37
28 -38
28 -39
28 -41
28 -42
25 -42
25 -41
26 -41
26 -40
25 -39
25 -38
23 -39
20 -37
19 -37
19 -36
18 -36
18 -35
18 -34
16 -34
16 -35
19 -32
19 -30
17 -29
17 -26
17 -25
16 -24
16 -21
17 -21
17 -22
19 -22
20 -21
20 -20
23 -20
23 -19
22 -19
22 -18
21 -16
18 -15
18 -14
18 -12
17 -12
17 -13
16 -14
13 -14
13 -15
12 -16
11 -16
11 -13
10 -23
9 -24
9 -26
10 -25
8 -25
7 -25
6 -25
5 -26
4 -26
2 -26
2 -25
2 -23
2 -21
3 -21
4 -21
4 -22
6 -22
6 -20
8 -20
7 -21
8 -22
1 -24
-1 -26
-3 -27
-6 -27
-7 -27
-7 -26
-5 -25
-5 -24
-5 -23
-5 -22
-7 -23
-7 -21
-8 -19
-7 -19
-7 -18
-6 -18
-6 -17
-5 -16
-6 -16
-6 -15
-7 -15
-9 -15
-8 -14
-7 -13
-7 -12
-5 -14
-1 -16
-3 -17
-3 -18
-4 -18
-4 -19
-4 -20
-3 -21
-3 -23
-2 -22
-2 -20
0 -19
0 -18
0 -17
1 -17
2 -17
5 -18
8 -17
10 -17
10 -18
9 -18
9 -19
11 -19
12 -18
14 -18
15 -18
15 -19
14 -20
13 -20
12 -20
12 -21
12 -23
13 -24
13 -26
12 -27
10 -29
11 -30
11 -31
10 -31
13 -31
14 -31
15 -31
15 -33
12 -33
13 -34
11 -35
11 -37
8 -36
8 -34
7 -34
7 -31
7 -30
8 -29
6 -29
5 -29
5 -30
3 -27
0 -29
0 -30
0 -31
1 -31
-1 -32
-1 -30
-2 -30
-4 -30
-8 -32
-6 -33
-6 -34
-8 -36
-12 -37
-11 -37
-11 -35
-11 -33
-12 -32
-11 -32
-11 -31
-10 -30
-10 -29
-10 -27
-9 -26
-9 -25
-9 -23
-10 -22
-10 -20
-11 -21
-12 -21
-12 -22
-11 -24
-12 -25
-12 -26
-12 -28
-15 -29
-15 -30
-15 -35
-18 -35
-19 -35
-19 -34
-17 -33
-21 -30
-24 -29
-23 -28
-28 -26
-26 -25
-25 -27
-27 -27
-26 -28
-27 -29
-29 -29
-28 -30
-27 -30
-26 -30
-26 -31
-26 -32
-27 -32
-28 -32
-29 -33
-31 -33
-30 -34
-30 -35
-28 -35
-24 -33
-23 -32
-23 -34
-22 -34
-22 -35
-22 -36
-23 -38
-25 -38
-26 -38
-26 -39
-27 -39
-27 -41
-27 -42
-26 -43
-26 -44
-25 -44
-25 -41
-28 -40
-29 -40
-30 -40
-30 -39
-33 -39
-32 -40
-32 -43
-30 -43
-31 -45
-29 -45
-29 -46
-26 -47
-26 -48
-25 -48
-24 -49
-23 -51
-23 -52
-24 -52
-24 -53
-25 -53
-25 -54
-26 -54
-26 -56
-27 -55
-28 -57
-27 -59
-26 -59
-26 -58
-25 -58
-23 -56
-21 -56
-20 -56
-20 -55
-20 -54
-19 -53
-18 -52
-19 -51
-19 -50
-17 -51
-17 -50
-16 -49
-15 -50
-14 -51
-13 -51
-13 -52
-13 -53
-12 -53
-12 -55
-13 -54
-14 -54
-15 -54
-14 -55
-11 -54
-10 -54
-9 -53
-9 -54
-8 -54
-8 -53
-8 -52
-7 -51
-6 -50
-3 -50
-4 -51
-4 -49
-2 -48
-1 -48
0 -49
0 -50
-2 -45
-1 -45
1 -45
2 -44
2 -43
3 -42
4 -41
5 -42
5 -44
6 -44
7 -44
7 -43
9 -43
11 -43
11 -42
11 -41
11 -40
12 -39
9 -39
7 -40
5 -39
6 -39
6 -38
4 -36
3 -35
2 -34
2 -36
1 -36
1 -35
0 -35
0 -33
-1 -34
-2 -35
-4 -35
-5 -35
-5 -36
-6 -36
-7 -37
-5 -37
-3 -38
-1 -37
-1 -38
0 -38
0 -39
-5 -64
-4 -64
-4 -67
-4 -68
-5 -68
-6 -68
-6 -69
-5 -69
-5 -70
-6 -71
-7 -70
-7 -74
-6 -74
-6 -73
-5 -73
-4 -73
-3 -74
-3 -75
-3 -76
-3 -78
-4 -79
-3 -79
-2 -79
-1 -79
0 -78
1 -79
1 -80
1 -81
1 -82
2 -82
2 -81
3 -81
3 -80
3 -77
2 -76
1 -76
5 -76
7 -77
8 -77
8 -78
8 -79
8 -81
9 -83
10 -84
11 -84
12 -83
13 -83
15 -83
16 -82
16 -81
15 -81
14 -81
14 -82
14 -85
13 -86
15 -88
15 -86
17 -86
18 -86
18 -87
18 -85
20 -85
22 -85
22 -84
22 -82
20 -82
20 -81
21 -81
19 -80
19 -79
18 -79
17 -80
17 -84
21 -87
23 -87
24 -87
24 -90
23 -91
22 -91
21 -90
21 -89
20 -89
18 -90
17 -92
17 -94
18 -94
10 -100
-1 -99
-2 -99
-3 -98
-5 -99
-6 -99
-10 -98
-11 -98
-12 -96
-14 -95
-15 -96
-14 -97
-14 -98
-14 -100
-15 -100
-19 -96
-20 -97
-19 -98
-18 -98
-18 -100
-17 -99
-17 -97
-17 -95
-18 -94
-16 -93
-17 -92
-19 -92
-18 -91
-18 -90
-16 -90
-16 -88
-17 -87
-19 -86
-21 -86
-21 -87
-21 -88
-19 -88
-19 -89
-20 -90
-21 -91
-21 -93
-22 -93
-22 -92
-23 -92
-23 -90
-23 -88
-23 -87
-23 -85
-21 -83
-21 -78
-21 -76
-20 -76
-20 -75
-9 -76
-8 -76
-7 -76
-7 -77
-6 -77
-6 -79
-7 -79
-8 -79
-8 -82
-8 -83
-7 -84
-6 -89
-8 -88
-8 -89
-10 -89
-11 -90
-12 -89
-12 -88
-13 -88
-13 -90
-13 -91
-13 -92
-12 -92
-11 -93
-11 -94
-10 -94
-10 -92
-8 -93
-8 -91
-7 -92
-6 -92
-6 -91
-6 -93
-5 -95
-1 -95
-1 -93
-2 -93
-2 -91
-1 -91
-1 -90
-2 -89
-3 -89
-3 -90
-4 -87
-3 -86
-2 -86
-2 -84
-3 -84
-4 -84
-5 -84
-6 -83
-6 -82
-5 -81
-4 -81
1 -85
0 -85
-1 -83
0 -82
0 -83
1 -83
2 -83
3 -84
5 -83
5 -85
5 -86
4 -86
3 -87
2 -88
1 -89
8 -90
8 -93
7 -93
11 -93
10 -94
13 -94
13 -91
11 -91
11 -89
10 -87
7 -86
8 -86
8 -87
8 -88
8 -89
7 -89
6 -89
5 -90
4 -90
4 -91
3 -94
2 -95
1 -96
0 -97
2 -97
5 -97
5 -99
6 -98
7 -98
7 -96
8 -96
9 -96
9 -97
10 -97
11 -96
12 -96
13 -98
14 -100
16 -100
17 -97
17 -96
16 -96
16 -98
15 -98
15 -99
16 -99
17 -99
18 -99
20 -98
20 -99
21 -99
21 -96
23 -97
23 -95
24 -95
24 -96
24 -97
25 -97
28 -98
23 -100
26 -100
27 -100
29 -100
30 -99
30 -97
29 -97
29 -95
29 -94
28 -94
27 -95
27 -92
27 -93
26 -93
26 -91
26 -88
26 -87
27 -87
28 -87
29 -87
29 -85
30 -85
31 -85
32 -86
32 -87
31 -89
31 -91
32 -91
34 -89
35 -86
35 -85
35 -84
38 -84
38 -83
37 -82
36 -82
38 -79
39 -79
40 -79
43 -78
43 -79
43 -80
43 -81
42 -82
40 -83
41 -86
41 -87
41 -88
39 -87
38 -87
36 -88
36 -90
36 -92
36 -94
36 -95
37 -95
35 -97
37 -98
38 -98
38 -97
41 -97
40 -96
40 -99
43 -95
42 -94
41 -93
34 -100
34 -98
33 -98
32 -96
31 -96
31 -95
32 -95
32 -93
31 -93
30 -93
33 -94
35 -93
38 -93
39 -92
40 -90
40 -91
41 -91
42 -91
44 -92
45 -91
45 -90
46 -89
45 -89
45 -88
44 -88
43 -88
43 -87
44 -87
46 -87
46 -86
46 -84
47 -84
47 -82
46 -81
45 -80
45 -78
45 -76
44 -76
44 -75
48 -75
49 -76
47 -76
47 -77
46 -79
47 -80
47 -81
48 -81
49 -83
52 -84
53 -84
54 -82
53 -79
56 -79
56 -77
55 -74
56 -73
56 -72
54 -72
53 -73
52 -73
51 -75
51 -77
49 -79
50 -79
50 -80
49 -87
51 -88
52 -89
53 -89
57 -85
56 -86
56 -87
59 -88
58 -89
57 -90
57 -91
56 -91
55 -92
54 -93
51 -92
50 -91
49 -90
48 -89
47 -90
47 -93
47 -94
47 -95
46 -96
46 -97
46 -98
45 -98
44 -99
46 -100
47 -100
47 -98
47 -97
48 -97
52 -95
50 -95
50 -97
51 -98
52 -100
53 -100
56 -100
59 -97
61 -97
61 -98
63 -98
64 -98
66 -98
67 -99
65 -100
64 -100
61 -100
60 -100
58 -100
58 -98
57 -98
55 -98
55 -97
56 -95
57 -95
58 -94
59 -94
60 -95
60 -94
61 -94
62 -92
62 -91
64 -91
63 -89
62 -89
61 -89
61 -88
61 -87
61 -86
64 -86
65 -85
67 -85
67 -84
66 -87
68 -90
69 -88
69 -87
71 -87
72 -88
72 -89
73 -89
75 -88
74 -85
75 -85
76 -84
76 -83
75 -82
76 -81
77 -81
77 -82
78 -83
78 -86
79 -87
81 -87
80 -84
83 -84
85 -84
86 -84
86 -86
85 -86
86 -88
87 -87
94 -99
94 -100
93 -100
90 -100
90 -99
89 -98
91 -97
92 -97
93 -96
95 -96
97 -96
95 -93
92 -94
91 -92
88 -92
89 -94
88 -96
86 -99
84 -98
83 -95
83 -94
83 -93
85 -93
81 -92
82 -90
82 -89
80 -89
79 -89
78 -90
76 -90
77 -92
76 -93
75 -94
75 -95
74 -96
72 -96
71 -96
70 -97
69 -97
69 -98
71 -99
72 -99
72 -100
74 -100
74 -99
75 -99
76 -100
80 -100
80 -99
79 -98
78 -95
74 -91
72 -93
71 -93
71 -92
69 -92
70 -91
70 -94
67 -96
67 -93
66 -93
66 -95
65 -95
65 -94
60 -80
58 -80
58 -81
58 -82
59 -82
58 -83
59 -83
60 -83
61 -84
62 -84
63 -83
62 -82
63 -80
63 -76
63 -77
61 -77
60 -77
60 -75
60 -74
59 -72
58 -71
59 -63
60 -63
61 -64
61 -62
62 -63
63 -64
63 -66
62 -67
61 -69
61 -68
61 -66
60 -66
57 -67
57 -66
57 -65
56 -65
55 -65
54 -62
55 -62
55 -63
56 -63
57 -61
56 -60
54 -58
55 -58
57 -58
57 -57
59 -59
61 -58
60 -58
60 -56
61 -56
61 -55
61 -54
60 -54
59 -55
58 -55
56 -55
56 -54
57 -53
57 -52
57 -50
57 -48
58 -48
58 -47
60 -48
59 -49
59 -50
59 -51
54 -50
54 -49
53 -49
53 -51
54 -54
54 -53
53 -53
51 -53
50 -54
48 -53
47 -53
47 -50
48 -50
49 -50
48 -48
45 -48
43 -49
44 -50
44 -51
45 -51
43 -51
43 -53
43 -54
42 -55
42 -56
43 -56
44 -56
39 -56
39 -57
38 -57
38 -58
37 -58
37 -59
38 -59
40 -59
40 -58
42 -61
43 -61
43 -63
48 -64
48 -66
47 -65
47 -67
46 -67
45 -68
46 -69
47 -69
48 -70
48 -71
48 -72
47 -73
46 -74
46 -72
43 -70
50 -70
49 -69
49 -68
49 -67
50 -67
51 -67
51 -69
54 -69
52 -66
53 -64
51 -64
50 -62
51 -62
51 -61
52 -60
52 -58
51 -57
50 -57
49 -58
47 -58
49 -33
46 -33
47 -34
47 -33
47 -32
47 -30
48 -29
48 -28
47 -28
45 -28
44 -26
44 -23
43 -23
43 -21
45 -21
46 -21
46 -22
46 -24
46 -25
47 -25
49 -24
50 -24
50 -25
50 -26
51 -26
50 -28
50 -29
55 -27
53 -27
54 -28
54 -29
54 -30
53 -30
52 -30
51 -30
52 -31
53 -33
55 -33
56 -33
58 -32
58 -30
57 -29
60 -30
61 -30
63 -29
63 -31
64 -31
64 -30
66 -30
66 -29
67 -33
69 -33
69 -32
69 -31
70 -32
70 -34
71 -34
72 -34
72 -36
73 -36
74 -34
74 -32
73 -31
72 -30
70 -28
70 -25
69 -26
71 -26
72 -26
73 -27
73 -28
74 -29
75 -29
76 -29
76 -31
76 -27
76 -26
74 -26
73 -24
75 -23
75 -24
77 -24
80 -25
81 -26
82 -25
85 -25
85 -24
84 -20
83 -21
82 -21
79 -20
81 -19
80 -18
77 -18
77 -19
76 -19
76 -14
77 -14
77 -13
77 -12
72 -22
70 -22
70 -21
69 -21
68 -21
68 -23
67 -24
67 -26
66 -26
66 -23
65 -24
63 -21
62 -17
62 -18
64 -18
65 -17
66 -17
66 -18
68 -19
70 -19
70 -17
71 -17
71 -16
72 -15
72 -13
74 -12
73 -11
74 -9
72 -9
70 -11
70 -13
69 -13
67 -14
66 -13
66 -12
67 -11
66 -11
66 -10
66 -9
67 -8
66 -7
65 -7
64 -7
63 -7
63 -5
63 -3
63 -1
62 1
61 2
60 3
60 5
59 5
59 6
53 9
51 10
52 10
52 12
52 13
51 13
51 15
53 15
54 15
54 12
55 11
55 9
55 7
56 6
55 5
54 6
54 4
53 3
51 3
50 3
49 4
45 2
44 2
44 3
44 4
43 4
43 7
42 6
38 3
40 3
42 3
42 2
42 1
39 1
39 0
38 -3
39 -3
40 -3
40 -5
39 -6
37 -6
36 -7
37 -8
35 -8
34 -7
34 -6
33 -6
33 -5
33 -3
33 -2
32 -1
33 1
33 4
31 5
32 6
32 7
34 7
38 13
46 11
48 9
47 9
47 10
48 11
48 13
48 15
45 15
45 16
43 18
44 21
43 21
41 20
39 20
39 21
39 22
38 21
36 21
36 24
36 25
37 26
38 26
39 27
38 27
38 28
38 29
39 30
40 32
41 32
43 31
44 30
45 32
46 31
48 30
48 32
48 33
49 33
47 34
51 31
51 27
54 28
55 29
58 29
58 30
56 42
54 47
58 49
60 51
63 51
62 50
65 50
65 52
65 54
64 54
64 58
67 59
67 58
66 58
66 57
66 56
66 55
67 55
67 54
68 53
68 52
68 49
67 48
66 48
64 45
64 44
64 43
65 43
66 44
67 44
67 45
67 43
66 40
66 41
64 41
63 40
62 40
61 41
61 42
62 42
62 43
63 43
60 43
59 42
59 44
57 45
56 45
53 45
51 45
50 45
50 43
50 41
50 40
52 39
53 38
55 36
52 35
50 36
49 36
49 38
48 39
46 38
45 38
45 36
44 35
43 35
43 34
43 37
41 38
40 38
39 38
39 39
38 39
38 38
38 35
37 33
38 33
38 32
38 31
37 31
36 31
35 30
35 32
32 32
32 31
30 30
31 30
31 28
29 28
29 27
30 27
30 24
29 23
31 22
31 21
33 21
33 20
33 18
34 17
34 18
35 18
33 15
34 12
34 11
35 11
35 9
36 9
37 9
37 10
37 7
39 7
40 8
39 9
40 10
41 10
41 11
39 11
39 12
39 14
39 15
39 17
41 16
43 16
42 15
42 13
44 12
45 12
45 10
45 9
44 9
45 8
46 8
46 6
47 6
48 5
47 4
47 3
48 3
48 2
49 1
49 -1
47 -2
46 -4
43 -3
44 -3
44 -5
44 -6
45 -6
45 -7
47 -7
48 -7
48 -5
49 -5
50 -4
50 -3
51 -2
53 -2
54 -3
54 0
56 0
57 -3
60 -2
59 -3
58 -3
58 -2
58 -1
59 -1
60 0
62 -4
62 -6
63 -9
64 -10
64 -13
57 -11
59 -10
60 -12
60 -15
59 -15
58 -14
58 -17
57 -18
56 -20
58 -21
59 -20
59 -19
61 -19
61 -21
61 -23
63 -23
63 -25
63 -26
62 -27
61 -27
59 -27
60 -26
60 -25
59 -24
57 -25
56 -25
54 -24
55 -24
55 -23
54 -23
54 -22
51 -22
51 -21
50 -19
50 -17
51 -17
52 -18
52 -19
52 -16
55 -16
56 -15
56 -14
56 -13
55 -13
54 -14
53 -14
50 -15
50 -12
50 -10
52 -10
53 -10
53 -8
54 -8
55 -10
56 -9
56 -8
56 -7
55 -7
55 -5
50 -6
48 -9
47 -10
47 -12
48 -12
48 -13
46 -14
46 -15
47 -17
47 -20
48 -21
45 -18
45 -17
44 -17
43 -18
41 -19
42 -15
41 -16
39 -17
39 -20
38 -21
38 -23
37 -24
37 -26
38 -26
39 -24
40 -25
40 -27
41 -31
41 -32
40 -33
40 -34
42 -35
41 -35
41 -36
44 -34
44 -35
45 -36
46 -38
47 -38
48 -39
49 -39
50 -40
50 -37
49 -37
49 -36
51 -36
56 -36
59 -36
60 -37
61 -35
63 -34
64 -34
65 -34
66 -34
66 -36
66 -37
64 -36
63 -41
61 -42
60 -42
60 -44
61 -44
61 -46
63 -45
63 -43
64 -43
65 -43
65 -44
65 -47
70 -44
59 -39
59 -40
56 -40
56 -41
55 -41
54 -41
54 -40
54 -39
56 -43
56 -44
57 -44
57 -42
53 -42
53 -43
53 -44
53 -47
52 -47
51 -47
50 -48
50 -46
49 -46
50 -44
48 -44
45 -43
44 -41
42 -42
43 -45
43 -46
41 -46
40 -44
38 -44
34 -37
36 -37
37 -37
37 -41
37 -43
36 -44
35 -44
35 -43
35 -42
35 -40
32 -41
31 -41
30 -43
30 -44
30 -47
28 -48
28 -46
28 -45
26 -45
26 -44
25 -44
25 -46
25 -48
25 -49
24 -49
24 -51
22 -51
23 -50
22 -50
22 -49
21 -49
20 -50
20 -51
19 -51
18 -52
18 -50
17 -50
17 -51
17 -55
19 -58
19 -65
11 -72
11 -73
13 -73
14 -73
16 -73
15 -72
14 -72
14 -71
14 -70
15 -70
16 -71
16 -69
17 -68
18 -68
18 -66
19 -67
20 -67
20 -69
19 -69
19 -70
20 -70
22 -71
22 -74
22 -78
20 -77
18 -75
17 -76
14 -76
13 -77
12 -77
12 -76
12 -75
13 -75
10 -76
10 -77
10 -78
10 -80
11 -81
12 -80
12 -79
29 -73
30 -71
30 -70
30 -68
29 -68
27 -67
27 -69
25 -69
24 -69
24 -68
24 -70
25 -70
26 -70
26 -71
25 -72
25 -73
26 -76
27 -75
31 -75
32 -74
33 -74
34 -75
36 -75
36 -77
35 -77
35 -78
34 -78
35 -79
33 -79
32 -79
32 -78
31 -80
31 -81
32 -81
32 -82
31 -82
30 -82
29 -79
28 -78
28 -80
27 -81
27 -82
26 -83
26 -84
27 -85
25 -85
28 -86
29 -90
24 -47
32 -52
29 -54
28 -55
28 -56
30 -56
31 -57
33 -56
33 -59
32 -60
31 -60
31 -61
30 -61
29 -61
29 -62
30 -62
31 -62
30 -59
29 -59
28 -59
27 -58
25 -58
25 -54
26 -51
28 -51
29 -51
30 -51
30 -49
31 -49
31 -50
33 -50
33 -48
35 -48
35 -47
37 -47
37 -50
37 -52
37 -53
37 -54
37 -56
36 -55
35 -55
35 -57
35 -59
36 -59
36 -60
37 -61
38 -61
38 -62
39 -62
39 -64
39 -65
41 -65
42 -67
40 -67
39 -69
41 -69
41 -71
41 -72
41 -73
39 -74
38 -72
37 -71
35 -72
35 -69
31 -66
32 -64
34 -64
34 -61
26 -61
25 -62
27 -62
27 -64
28 -64
24 -64
23 -66
22 -65
21 -63
20 -62
20 -61
23 -61
22 -60
21 -60
21 -59
22 -59
21 -56
20 -55
20 -53
21 -53
21 -52
19 -49
19 -45
18 -44
17 -44
16 -44
16 -45
16 -48
17 -48
18 -47
20 -47
20 -46
22 -46
23 -45
23 -43
22 -43
22 -42
22 -41
21 -40
21 -42
15 -40
17 -40
18 -40
19 -40
19 -41
18 -42
17 -42
16 -42
14 -43
8 -53
7 -56
8 -57
10 -57
10 -55
10 -59
9 -60
7 -60
8 -63
5 -64
5 -66
3 -65
1 -65
0 -64
0 -67
-2 -67
-2 -68
-1 -70
-1 -71
-2 -71
-1 -72
-3 -72
1 -69
3 -70
4 -70
4 -72
5 -73
4 -74
2 -73
2 -72
6 -72
6 -71
9 -69
8 -68
7 -68
7 -67
11 -67
12 -66
12 -65
13 -63
15 -62
16 -62
17 -62
18 -62
17 -60
17 -59
17 -58
15 -58
15 -59
13 -59
12 -58
12 -56
12 -55
14 -55
15 -53
13 -53
11 -52
12 -52
13 -51
12 -50
13 -49
14 -49
14 -47
14 -46
12 -45
10 -44
8 -45
10 -48
10 -49
7 -49
6 -47
4 -47
4 -52
3 -54
1 -54
0 -53
-1 -53
-1 -52
-1 -55
-1 -56
0 -56
1 -57
3 -57
5 -57
6 -57
6 -58
4 -59
4 -62
3 -61
2 -60
2 -58
2 -59
1 -59
0 -59
-2 -61
-2 -60
-2 -59
-2 -57
-4 -57
-5 -53
-6 -53
-6 -56
-5 -55
-6 -55
-7 -55
-7 -58
-5 -59
-5 -60
-6 -60
-5 -61
-5 -62
-7 -62
-8 -62
-8 -64
-8 -65
-10 -63
-10 -60
-11 -60
-11 -58
-15 -58
-16 -59
-17 -57
-18 -57
-18 -58
-19 -59
-19 -60
-19 -62
-20 -62
-20 -61
-21 -60
-22 -60
-24 -60
-24 -61
-24 -62
-24 -63
-25 -64
-26 -65
-26 -62
-27 -61
-28 -61
-30 -61
-31 -61
-32 -61
-34 -62
-33 -64
-30 -64
-29 -64
-28 -65
-29 -66
-27 -66
-27 -67
-25 -69
-25 -70
-23 -73
-23 -71
-22 -70
-22 -67
-18 -68
-17 -68
-17 -69
-16 -69
-17 -71
-17 -72
-17 -73
-18 -72
-20 -72
-21 -71
-21 -69
-20 -69
-20 -68
-20 -66
-21 -65
-21 -63
-28 -63
-32 -71
-33 -70
-32 -68
-34 -66
-36 -64
-39 -62
-38 -63
-40 -63
-39 -66
-39 -67
-38 -68
-36 -69
-36 -72
-37 -72
-38 -74
-38 -75
-36 -75
-34 -75
-34 -74
-31 -74
-29 -72
-31 -72
-31 -70
-29 -70
-29 -71
-28 -71
-27 -71
-27 -73
-26 -72
-26 -74
-28 -74
-29 -75
-29 -76
-32 -76
-32 -77
-32 -78
-32 -79
-33 -79
-33 -81
-33 -82
-34 -83
-32 -83
-32 -86
-30 -87
-31 -89
-31 -91
-33 -91
-34 -91
-34 -90
-33 -90
-32 -93
-31 -94
-31 -96
-32 -97
-33 -97
-33 -98
-32 -100
-30 -99
-30 -98
-29 -97
-29 -95
-27 -95
-27 -94
-26 -94
-25 -93
-23 -95
-22 -96
-24 -96
-24 -98
-24 -99
-23 -99
-27 -99
-26 -100
-36 -100
-38 -99
-41 -98
-43 -97
-43 -99
-44 -98
-45 -98
-46 -99
-49 -98
-48 -99
-49 -100
-50 -100
-51 -100
-51 -99
-51 -97
-52 -97
-52 -95
-51 -94
-49 -94
-49 -95
-47 -96
-46 -96
-46 -95
-45 -94
-45 -95
-44 -95
-44 -91
-43 -92
-46 -92
-46 -91
-47 -90
-49 -90
-49 -89
-48 -88
-47 -87
-46 -87
-45 -88
-42 -88
-41 -88
-38 -88
-38 -89
-40 -90
-40 -92
-39 -94
-37 -96
-36 -95
-34 -95
-35 -94
-35 -93
-37 -93
-36 -91
-36 -90
-36 -88
-36 -89
-35 -89
-35 -88
-35 -87
-37 -87
-38 -87
-38 -86
-38 -85
-38 -84
-38 -82
-37 -82
-37 -81
-38 -81
-39 -81
-39 -80
-39 -79
-39 -77
-40 -77
-40 -76
-40 -75
-42 -75
-42 -77
-42 -78
-43 -78
-46 -77
-48 -78
-48 -79
-50 -79
-51 -80
-52 -80
-52 -81
-55 -81
-55 -79
-54 -79
-54 -77
-53 -77
-53 -75
-53 -74
-50 -75
-50 -74
-48 -74
-48 -75
-49 -76
-47 -80
-47 -81
-46 -82
-45 -82
-44 -83
-45 -85
-44 -85
-43 -86
-40 -83
-39 -83
-37 -83
-36 -84
-35 -85
-35 -82
-35 -78
-35 -76
-31 -80
-31 -82
-29 -82
-28 -81
-27 -80
-28 -79
-29 -79
-26 -77
-25 -79
-23 -79
-23 -81
-25 -82
-25 -83
-25 -84
-26 -86
-25 -87
-25 -88
-26 -89
-24 -89
-28 -90
-16 -84
-15 -86
-13 -85
-11 -85
-11 -83
-12 -81
-13 -81
-14 -81
-17 -81
-18 -82
-19 -82
-19 -79
-19 -78
-19 -77
-18 -77
-17 -77
-17 -78
-16 -78
-14 -78
-15 -77
-15 -76
-15 -75
-15 -74
-14 -73
-11 -73
-12 -73
-12 -72
-11 -71
-11 -70
-9 -68
-11 -68
-12 -68
-12 -67
-11 -66
-12 -64
-14 -65
-17 -65
-17 -64
-16 -62
-13 -61
-16 -53
-13 -48
-13 -46
-13 -44
-12 -45
-11 -44
-11 -43
-11 -41
-11 -40
-10 -40
-8 -41
-7 -40
-6 -39
-5 -41
-3 -41
-4 -43
-7 -43
-6 -44
-5 -45
-5 -46
-6 -47
-7 -47
-7 -46
-9 -47
-10 -47
-10 -50
-20 -45
-20 -43
-21 -42
-22 -42
-23 -43
-23 -45
-22 -45
-22 -48
-21 -47
-21 -49
-20 -48
-18 -48
-18 -47
-15 -46
-17 -46
-16 -45
-16 -44
-16 -39
-15 -39
-14 -39
-14 -40
-14 -41
-15 -41
-14 -42
-16 -42
-17 -42
-17 -40
-18 -41
-18 -39
-19 -38
-21 -39
-33 -33
-33 -34
-34 -34
-34 -35
-34 -36
-35 -36
-37 -36
-38 -35
-39 -35
-39 -37
-40 -36
-38 -38
-38 -41
-39 -41
-41 -40
-42 -38
-45 -39
-46 -37
-46 -36
-47 -35
-46 -34
-45 -35
-45 -34
-44 -34
-43 -34
-41 -33
-40 -32
-36 -32
-36 -31
-35 -31
-34 -31
-33 -31
-31 -31
-30 -30
-32 -30
-32 -29
-33 -28
-34 -30
-35 -29
-43 -42
-43 -43
-44 -43
-45 -43
-48 -40
-49 -40
-49 -42
-48 -42
-47 -42
-47 -43
-47 -44
-46 -45
-46 -47
-45 -46
-44 -46
-43 -46
-41 -46
-40 -46
-40 -47
-41 -47
-41 -49
-40 -49
-38 -47
-35 -48
-34 -47
-35 -45
-36 -46
-37 -45
-37 -43
-36 -43
-37 -52
-37 -51
-35 -51
-34 -51
-34 -52
-34 -53
-32 -50
-29 -50
-29 -49
-27 -49
-27 -51
-27 -52
-28 -52
-30 -52
-30 -55
-31 -55
-31 -56
-31 -57
-32 -57
-33 -58
-33 -55
-34 -55
-36 -55
-37 -56
-35 -56
-35 -60
-36 -60
-37 -59
-38 -59
-38 -58
-40 -57
-41 -57
-42 -56
-43 -55
-44 -55
-45 -55
-45 -54
-44 -53
-41 -53
-42 -54
-40 -54
-44 -50
-46 -50
-47 -50
-49 -49
-49 -52
-50 -52
-50 -53
-50 -54
-52 -55
-53 -57
-51 -57
-52 -58
-52 -59
-52 -60
-51 -61
-50 -61
-49 -61
-48 -61
-47 -62
-47 -63
-46 -64
-47 -65
-47 -66
-47 -67
-48 -67
-48 -68
-46 -71
-46 -73
-45 -72
-41 -73
-41 -72
-42 -71
-43 -71
-44 -71
-44 -69
-45 -69
-45 -68
-45 -66
-43 -67
-42 -68
-49 -60
-49 -62
-45 -63
-44 -63
-42 -62
-42 -60
-43 -61
-44 -61
-45 -60
-46 -59
-47 -57
-47 -56
-67 -55
-66 -56
-66 -58
-67 -58
-68 -60
-69 -60
-69 -59
-70 -59
-71 -58
-72 -59
-72 -60
-75 -60
-74 -58
-74 -59
-76 -59
-77 -59
-78 -58
-78 -57
-78 -56
-77 -56
-79 -55
-82 -56
-82 -52
-81 -50
-80 -50
-80 -51
-79 -49
-77 -48
-77 -49
-77 -50
-76 -50
-76 -49
-75 -49
-72 -48
-71 -48
-71 -47
-70 -47
-70 -49
-71 -50
-72 -51
-73 -52
-74 -53
-76 -53
-75 -53
-75 -54
-74 -55
-71 -55
-72 -56
-70 -56
-70 -54
-70 -53
-70 -52
-70 -51
-69 -51
-67 -49
-68 -49
-68 -48
-68 -47
-67 -47
-65 -47
-64 -46
-61 -46
-60 -45
-59 -46
-59 -47
-58 -49
-57 -51
-60 -52
-62 -51
-63 -53
-65 -53
-65 -51
-65 -50
-64 -50
-63 -44
-61 -42
-62 -42
-62 -41
-63 -41
-65 -41
-65 -42
-66 -43
-67 -43
-67 -41
-67 -40
-69 -40
-69 -43
-70 -42
-73 -43
-74 -45
-76 -44
-77 -45
-78 -45
-78 -44
-79 -42
-81 -42
-83 -42
-84 -43
-84 -41
-82 -40
-82 -44
-81 -46
-82 -48
-82 -49
-83 -49
-84 -50
-84 -48
-85 -46
-85 -45
-84 -45
-87 -41
-87 -42
-87 -43
-88 -45
-88 -46
-89 -47
-90 -47
-90 -46
-91 -46
-91 -45
-93 -45
-93 -43
-95 -43
-95 -41
-93 -41
-92 -42
-90 -48
-92 -47
-93 -49
-95 -48
-97 -49
-96 -49
-96 -51
-95 -51
-94 -51
-93 -51
-92 -52
-91 -53
-91 -54
-91 -55
-91 -56
-90 -56
-90 -57
-89 -57
-88 -57
-88 -56
-88 -55
-88 -54
-89 -53
-90 -51
-89 -50
-88 -50
-87 -50
-86 -52
-85 -54
-86 -55
-86 -56
-86 -60
-87 -61
-87 -59
-89 -59
-89 -61
-89 -63
-88 -63
-88 -64
-90 -64
-90 -65
-89 -66
-88 -66
-87 -66
-85 -66
-83 -66
-82 -69
-81 -69
-80 -69
-80 -68
-79 -66
-78 -64
-78 -62
-77 -62
-74 -62
-74 -63
-75 -64
-75 -65
-73 -64
-73 -63
-72 -63
-70 -63
-70 -62
-65 -62
-63 -62
-62 -62
-62 -59
-62 -58
-60 -56
-59 -56
-58 -56
-57 -57
-59 -58
-59 -60
-55 -60
-55 -59
-55 -56
-56 -55
-55 -54
-54 -54
-53 -52
-52 -51
-52 -50
-52 -49
-53 -49
-54 -50
-52 -48
-56 -48
-56 -46
-49 -45
-50 -45
-50 -44
-51 -43
-52 -42
-52 -40
-51 -39
-52 -39
-52 -38
-53 -38
-54 -37
-54 -35
-55 -34
-57 -34
-57 -33
-58 -33
-59 -32
-60 -32
-58 -31
-57 -29
-60 -29
-61 -30
-62 -31
-62 -28
-65 -28
-67 -29
-67 -30
-66 -30
-64 -30
-64 -29
-64 -28
-64 -27
-66 -27
-66 -26
-66 -25
-65 -25
-71 -21
-73 -23
-73 -24
-72 -24
-71 -24
-70 -25
-71 -28
-73 -30
-75 -30
-74 -31
-69 -32
-69 -31
-70 -31
-71 -31
-71 -33
-71 -38
-70 -38
-67 -38
-68 -37
-69 -36
-70 -35
-73 -35
-73 -37
-73 -38
-74 -38
-74 -36
-76 -37
-77 -36
-77 -35
-78 -32
-79 -31
-79 -29
-81 -30
-81 -29
-82 -29
-82 -28
-82 -27
-82 -25
-83 -25
-84 -24
-86 -26
-86 -27
-86 -28
-87 -28
-86 -29
-86 -30
-85 -30
-85 -28
-85 -32
-86 -33
-82 -33
-80 -33
-79 -34
-79 -35
-80 -35
-80 -36
-82 -36
-84 -36
-83 -37
-83 -38
-81 -38
-81 -37
-85 -37
-88 -37
-87 -38
-90 -38
-94 -37
-94 -39
-96 -39
-96 -38
-98 -38
-98 -36
-97 -35
-96 -35
-95 -35
-94 -35
-92 -34
-93 -33
-96 -33
-96 -32
-98 -32
-99 -32
-99 -33
-99 -34
-100 -38
-99 -40
-100 -41
-100 -44
-99 -44
-98 -44
-100 -48
-100 -53
-100 -51
-98 -52
-97 -52
-96 -53
-95 -53
-95 -54
-92 -55
-94 -57
-95 -58
-96 -58
-99 -58
-98 -57
-100 -57
-99 -56
-100 -56
-100 -55
-99 -55
-99 -54
-98 -55
-95 -61
-97 -61
-98 -60
-99 -60
-99 -62
-100 -62
-98 -63
-98 -65
-98 -67
-97 -67
-96 -66
-96 -68
-97 -69
-93 -66
-93 -65
-93 -64
-91 -62
-92 -60
-91 -60
-91 -58
-79 -60
-80 -61
-82 -61
-83 -62
-82 -63
-81 -63
-85 -64
-85 -68
-86 -68
-88 -68
-88 -69
-89 -70
-89 -72
-88 -72
-86 -72
-86 -71
-86 -74
-86 -76
-87 -77
-85 -77
-85 -76
-85 -75
-84 -78
-80 -78
-80 -79
-79 -79
-80 -73
-79 -74
-80 -75
-81 -75
-81 -74
-83 -72
-90 -71
-91 -68
-93 -68
-94 -69
-95 -70
-94 -70
-94 -71
-93 -71
-92 -71
-92 -72
-92 -73
-91 -73
-91 -74
-91 -75
-89 -77
-96 -81
-95 -80
-95 -79
-94 -79
-93 -79
-92 -78
-93 -76
-94 -77
-94 -76
-94 -75
-95 -74
-96 -72
-97 -72
-98 -71
-99 -70
-100 -71
-100 -72
-100 -74
-99 -75
-100 -78
-99 -78
-99 -77
-97 -77
-96 -77
-96 -78
-98 -79
-99 -82
-100 -82
-100 -84
-98 -84
-99 -85
-96 -85
-97 -86
-98 -89
-96 -89
-97 -91
-99 -91
-99 -92
-99 -93
-100 -97
-99 -96
-98 -97
-97 -98
-97 -99
-96 -100
-98 -100
-100 -100
-91 -93
-91 -91
-90 -90
-92 -90
-93 -91
-95 -94
-96 -95
-94 -95
-93 -96
-94 -97
-96 -97
-95 -98
-92 -99
-91 -99
-90 -100
-90 -98
-89 -98
-89 -95
-89 -94
-88 -94
-87 -94
-86 -93
-86 -95
-86 -96
-87 -96
-69 -95
-69 -93
-72 -93
-75 -93
-76 -93
-77 -94
-76 -95
-77 -96
-76 -97
-74 -97
-74 -95
-73 -96
-73 -97
-72 -97
-73 -98
-75 -98
-75 -99
-77 -99
-74 -100
-71 -99
-70 -99
-68 -98
-67 -98
-64 -98
-65 -97
-65 -96
-65 -94
-66 -94
-67 -93
-67 -91
-66 -91
-65 -90
-66 -89
-67 -89
-67 -88
-68 -88
-69 -89
-68 -83
-67 -86
-67 -85
-66 -84
-64 -84
-64 -82
-62 -82
-62 -80
-61 -80
-61 -77
-62 -76
-62 -74
-63 -72
-65 -72
-65 -76
-65 -78
-65 -80
-66 -81
-67 -81
-68 -81
-68 -79
-68 -78
-71 -78
-70 -78
-70 -77
-72 -77
-73 -80
-75 -86
-78 -90
-81 -94
-79 -94
-78 -95
-78 -97
-80 -96
-80 -99
-81 -100
-83 -100
-85 -100
-86 -100
-85 -98
-84 -96
-83 -97
-82 -96
-83 -95
-83 -93
-82 -90
-86 -90
-85 -90
-85 -91
-87 -91
-87 -90
-88 -90
-88 -89
-87 -88
-86 -88
-86 -86
-85 -85
-85 -84
-84 -84
-84 -83
-83 -82
-84 -81
-86 -81
-86 -82
-85 -82
-87 -83
-89 -83
-89 -81
-89 -82
-90 -82
-91 -82
-91 -81
-91 -84
-92 -84
-94 -84
-93 -85
-90 -87
-89 -86
-85 -87
-83 -88
-82 -87
-81 -87
-81 -86
-82 -84
-78 -84
-79 -84
-79 -85
-78 -85
-78 -86
-77 -87
-76 -89
-74 -88
-73 -88
-71 -87
-70 -88
-70 -87
-70 -86
-70 -85
-71 -85
-73 -85
-73 -84
-74 -82
-75 -82
-75 -81
-77 -80
-76 -79
-75 -79
-74 -78
-74 -77
-75 -77
-74 -75
-74 -74
-73 -74
-73 -72
-73 -71
-74 -71
-74 -70
-75 -69
-75 -71
-75 -72
-76 -72
-76 -73
-75 -73
-76 -70
-78 -71
-78 -70
-78 -69
-77 -69
-77 -67
-74 -67
-72 -67
-72 -66
-69 -75
-71 -75
-71 -74
-71 -70
-69 -69
-69 -72
-68 -73
-67 -72
-67 -70
-67 -68
-66 -67
-68 -66
-69 -64
-67 -64
-64 -64
-62 -65
-63 -66
-63 -69
-61 -69
-61 -70
-59 -64
-57 -64
-56 -64
-55 -64
-56 -63
-54 -62
-54 -63
-54 -65
-54 -66
-53 -66
-53 -67
-53 -69
-51 -68
-50 -69
-50 -67
-50 -65
-52 -64
-55 -66
-56 -67
-55 -68
-56 -70
-58 -71
-57 -72
-59 -73
-60 -75
-60 -76
-59 -76
-58 -75
-58 -77
-56 -77
-57 -80
-57 -82
-57 -83
-55 -83
-54 -83
-53 -84
-53 -85
-52 -85
-51 -84
-48 -85
-50 -87
-60 -83
-57 -90
-59 -92
-57 -94
-55 -94
-55 -92
-56 -91
-54 -91
-54 -87
-56 -85
-57 -85
-57 -86
-56 -86
-56 -87
-58 -87
-59 -87
-60 -87
-59 -88
-62 -87
-62 -86
-63 -86
-63 -91
-64 -91
-64 -92
-64 -95
-63 -95
-63 -96
-62 -97
-62 -99
-60 -99
-57 -98
-58 -97
-56 -97
-53 -96
-53 -100
