437 73
438 64
437 45
483 37
480 38
471 40
462 43
454 51
461 60
462 61
468 59
479 60
477 64
473 52
478 85
467 79
463 78
457 95
462 107
466 118
466 120
455 141
450 164
431 163
424 140
416 140
413 132
406 132
408 124
408 120
420 119
423 119
431 119
433 102
440 107
414 100
396 131
402 141
399 144
390 148
392 159
395 160
378 172
375 198
375 217
387 224
382 226
381 239
391 244
401 236
401 244
409 245
414 248
416 255
399 261
398 256
388 258
377 254
375 261
370 272
366 274
355 275
357 266
357 264
348 252
352 254
353 243
346 288
349 289
348 294
342 293
329 335
326 351
320 352
308 349
306 351
283 342
294 330
293 309
299 303
313 312
272 317
277 316
276 304
272 294
270 294
253 300
249 315
251 327
255 332
272 378
271 368
285 362
291 359
294 374
301 374
300 377
311 386
324 384
344 363
346 357
339 354
341 346
342 334
347 327
357 319
361 330
368 339
359 341
359 352
373 358
370 371
366 366
361 365
361 368
362 382
363 385
353 394
351 408
343 411
324 408
329 405
329 425
319 421
317 431
313 428
306 418
296 422
293 432
283 432
283 436
284 436
277 454
273 498
256 503
257 513
263 523
260 529
256 527
254 528
249 531
236 538
236 544
232 555
233 568
225 582
225 580
243 579
248 573
256 571
257 563
260 564
262 555
256 546
268 545
265 541
274 540
275 548
279 564
290 557
282 529
287 538
296 538
301 532
302 525
301 524
300 524
315 506
321 498
317 485
311 491
304 496
300 490
293 486
296 477
291 467
296 468
303 466
303 456
303 445
320 453
325 462
333 461
340 438
344 436
383 327
371 310
370 297
371 294
370 290
383 277
389 281
400 290
395 301
400 187
408 193
417 191
413 186
415 181
417 221
421 219
431 215
257 192
251 181
245 180
213 167
204 155
194 164
189 167
180 162
181 145
182 127
189 128
190 135
201 126
202 137
208 142
211 141
229 143
234 140
233 149
226 159
235 163
235 173
225 175
224 180
216 185
221 194
217 197
217 208
224 205
222 215
234 218
234 210
249 208
267 211
261 229
253 238
267 242
265 243
264 245
266 250
279 256
277 274
274 282
269 279
268 271
243 261
237 253
239 244
215 247
213 225
205 213
204 208
186 186
168 137
158 120
165 107
187 100
182 111
178 104
177 93
181 91
180 87
204 85
207 104
213 106
191 51
178 54
177 36
182 38
164 27
141 26
118 29
120 32
124 48
132 55
136 55
139 65
140 68
138 73
148 75
148 79
146 95
154 92
154 95
158 94
165 83
160 73
205 531
180 534
191 534
190 545
181 550
186 583
185 575
187 575
201 569
247 559
