-93 70
-95 74
-93 88
-90 86
-84 87
-68 98
-61 76
-49 77
-45 68
-38 91
-11 94
4 83
7 80
10 77
31 67
40 84
54 98
58 76
74 78
74 59
66 60
68 43
39 40
52 28
52 23
33 20
11 20
8 39
9 55
10 53
18 53
17 48
-6 52
-25 39
-26 9
-48 12
-64 1
-74 4
-95 -30
-67 -45
-83 -49
-85 -75
-89 -62
-80 -66
-81 -68
-75 -72
-75 -83
-81 -90
-89 -88
-89 -94
-59 -84
-49 -86
-44 -64
-41 -63
-36 -50
-26 -57
-10 -76
1 -93
9 -88
21 -92
30 -89
39 -86
45 -98
49 -93
55 -92
56 -92
64 -99
77 -96
82 -92
79 -80
99 -77
100 -89
73 -30
72 -39
68 -48
91 -49
48 -54
37 -69
33 -72
32 -61
28 -57
27 -39
4 -45
-7 -38
-20 -19
-29 -18
-38 -18
-40 -22
-2 2
11 -12
25 -18
39 -17
59 -20
54 -1
59 -2
62 9
70 8
95 -1
95 22
82 99
