-2 -5
-4 -10
-7 -14
-13 -16
-15 -16
-13 -6
-20 -6
-20 -3
-23 -1
-16 2
-9 6
-8 6
-2 8
4 6
7 8
8 14
14 17
14 11
13 4
13 -27
20 -20
21 -13
24 -12
19 -6
15 -8
14 -8
13 -16
10 -18
9 -20
6 -19
-2 -20
-6 -23
-7 -28
-3 -29
-13 -31
-18 -31
-20 -26
-20 -22
-30 -23
-35 -20
-34 -18
-29 -12
-24 14
-27 15
-30 11
-37 7
-40 24
-50 31
-58 28
-67 28
-74 34
-78 27
-86 26
-91 24
-94 28
-90 32
-88 31
-83 31
-82 38
-81 48
-76 50
-77 51
-69 47
-64 41
-59 38
-56 38
-54 40
-50 44
-47 46
-42 46
-39 46
-38 39
-34 31
-24 28
-18 24
-8 26
-7 29
-9 31
-12 37
-19 34
-19 42
-34 51
-34 59
-22 62
-21 68
-14 72
-17 82
-22 86
-28 83
-29 83
-29 78
-32 90
-34 96
-39 95
-44 97
-51 97
-41 75
-41 68
-44 69
-53 62
-56 74
-58 76
-63 67
-68 63
-74 62
-77 76
-77 77
-72 79
-70 82
-72 89
-75 86
-82 87
-81 83
-94 82
-93 81
-97 78
-99 76
-95 75
-94 70
-86 68
-87 66
-91 59
-89 53
-91 51
-90 43
-93 18
-84 18
-70 2
-66 3
-67 8
-57 13
-59 8
-54 5
-59 -2
-61 -4
-66 -6
-64 -13
-48 -10
-50 -16
-51 -28
-47 -32
-42 -33
-36 -30
-29 -44
-26 -42
-21 -40
-15 -41
-6 -42
1 -48
3 -54
-3 -54
-4 -66
-1 -63
1 -65
5 -63
10 -65
13 -60
12 -54
15 -46
22 -44
23 -39
18 -37
25 -32
30 -31
31 -31
35 -30
34 -36
34 -40
33 -23
32 -20
36 -20
47 -11
48 -11
47 -32
53 -26
59 -23
59 -20
56 -19
64 -19
63 -28
64 -29
67 -32
75 -30
76 -23
78 -7
69 -7
70 -10
60 -12
58 -7
56 4
49 0
39 0
39 -6
34 -7
29 -6
28 -3
25 8
22 9
23 13
27 17
33 15
37 10
44 10
44 8
38 23
20 32
20 34
12 36
10 26
10 25
2 24
0 58
-4 60
-9 65
-12 61
-14 55
-10 53
-10 50
-13 48
-8 45
3 44
8 43
9 50
4 51
6 56
9 55
9 58
11 57
10 62
10 70
4 71
3 68
-2 70
-4 96
-11 97
34 97
45 96
52 100
77 98
84 94
79 88
75 86
97 80
94 91
99 93
84 38
91 35
95 52
92 52
90 54
93 56
91 59
99 59
99 58
94 68
87 73
85 76
81 76
81 73
81 61
81 50
73 54
57 65
64 60
64 75
58 85
53 79
47 83
41 80
38 82
35 81
30 81
23 87
21 86
19 74
21 72
25 72
29 67
34 71
23 61
28 58
26 56
24 54
25 45
27 40
28 38
30 36
36 33
37 38
36 40
44 39
47 46
44 58
44 56
43 52
49 51
53 49
57 51
61 46
61 41
64 38
65 37
69 40
58 36
58 38
52 38
53 30
50 24
58 20
58 17
69 17
81 13
98 2
93 1
92 -4
94 -5
93 -22
88 -27
92 -29
93 -33
93 -35
98 -32
95 -44
97 -46
88 -47
87 -54
99 -54
98 -61
93 -66
94 -71
100 -79
96 -81
86 -80
82 -83
78 -83
71 -80
73 -75
75 -74
81 -74
79 -67
81 -66
82 -63
73 -59
75 -61
67 -61
63 -62
63 -57
62 -68
61 -78
55 -84
51 -82
47 -82
41 -83
39 -85
38 -89
28 -88
27 -86
22 -86
21 -90
17 -96
33 -97
45 -94
47 -94
57 -96
87 -99
82 -92
85 -90
86 -90
92 -91
97 -97
77 -49
79 -41
64 -43
55 -53
55 -51
53 -44
44 -45
37 -49
38 -56
40 -58
42 -57
43 -56
47 -60
47 -74
43 -71
30 -75
28 -72
27 -70
32 -67
32 -59
23 -55
-17 -54
-13 -57
-12 -55
-10 -52
-13 -50
1 -78
13 -81
14 -84
8 -88
8 -98
-2 -98
-4 -92
-18 -84
-27 -83
-27 -90
-20 -95
-22 -100
-75 -87
-92 -85
-92 -84
-96 -80
-99 -80
-99 -74
-92 -71
-92 -67
-94 -66
-97 -59
-96 -55
-92 -50
-86 -48
-81 -50
-83 -40
-97 -46
-94 -42
-92 -34
-92 -33
-92 -22
-100 -25
-100 -28
-95 -9
-96 -4
-98 3
-94 3
-88 4
-81 -5
-78 -13
-83 -16
-73 -26
-69 -26
-66 -27
-68 -30
-68 -33
-57 -43
-52 -41
-48 -42
-43 -47
-51 -54
-52 -59
-47 -58
-44 -63
-38 -60
-31 -56
-28 -57
-25 -59
-25 -64
-31 -75
-35 -71
-35 -72
-37 -73
-44 -93
-37 -95
-33 -96
-34 -88
-38 -88
-37 -83
-45 -82
-49 -84
-56 -81
-56 -92
-64 -93
-67 -96
-72 -94
-78 -96
-83 -92
-85 -89
-85 -80
-82 -82
-82 -81
-82 -79
-81 -77
-80 -75
-69 -77
-69 -76
-73 -72
-73 -71
-71 -71
-64 -71
-62 -71
-67 -65
-66 -60
-77 -63
-76 -67
-84 -67
-86 -60
-87 95
-94 96
